Timestamp,Slave 0,Slave 1,Slave 2,
1739891578921,0,,,,
1739891578927,0,,,
1739891578928,,0,,
1739891578933,,,0,
1739891578936,,0.1395121653081784,,
1739891578941,,,0.14479799785484448,
1739891578954,0.1350502512562814,,,
1739891578960,0.021737457640812557,,,,
1739891579922,0.022499133956386294,,,,
1739891579928,0.29290853031860226,,,
1739891579929,,0.28868747834843905,,
1739891579934,,,0.3088284652567976,
1739891580923,0.0,,,,
1739891580928,0.308333333,,,
1739891580929,,0.33,,
1739891580934,,,0.27,
1739891581922,0.003333333,,,,
1739891581928,0.331666666,,,
1739891581929,,0.288333333,,
1739891581934,,,0.29,
1739891582922,0.0,,,,
1739891582928,0.295,,,
1739891582929,,0.333333333,,
1739891582934,,,0.273333333,
1739891583922,0.001666666,,,,
1739891583928,0.321666666,,,
1739891583929,,0.278333333,,
1739891583933,,,0.3,
1739891584922,0.001666666,,,,
1739891584928,0.32,,,
1739891584929,,0.311666666,,
1739891584934,,,0.288333333,
1739891585923,0.0,,,,
1739891585928,0.315,,,
1739891585929,,0.313333333,,
1739891585934,,,0.27972027972027974,
1739891586923,0.0016683343343343344,,,,
1739891586928,0.321666666,,,
1739891586929,,0.323333333,,
1739891586934,,,0.273333333,
1739891587922,0.001666666,,,,
1739891587928,0.25,,,
1739891587929,,0.406666666,,
1739891587935,,,0.195,
1739891588922,0.001666666,,,,
1739891588928,0.203333333,,,
1739891588929,,0.258333333,,
1739891588934,,,0.20520520520520522,
1739891589922,0.0,,,,
1739891589928,0.225,,,
1739891589929,,0.231666666,,
1739891589934,,,0.223333333,
1739891590922,0.008333333,,,,
1739891590928,0.241666666,,,
1739891590929,,0.261666666,,
1739891590933,,,0.298333333,
1739891591922,0.0,,,,
1739891591928,0.308333333,,,
1739891591929,,0.308333333,,
1739891591934,,,0.313333333,
1739891592922,0.001666666,,,,
1739891592928,0.343333333,,,
1739891592929,,0.31,,
1739891592937,,,0.2725157856430708,
1739891593922,0.0,,,,
1739891593928,0.311666666,,,
1739891593929,,0.276666666,,
1739891593934,,,0.3443664322968907,
1739891594922,0.001666666,,,,
1739891594928,0.298333333,,,
1739891594929,,0.288333333,,
1739891594933,,,0.343333333,
1739891595922,0.001666666,,,,
1739891595928,0.295,,,
1739891595929,,0.303333333,,
1739891595934,,,0.311666666,
1739891596922,0.001666666,,,,
1739891596928,0.295,,,
1739891596929,,0.303333333,,
1739891596935,,,0.31603459680638724,
1739891597922,0.0,,,,
1739891597928,0.231666666,,,
1739891597929,,0.338333333,,
1739891597933,,,0.3306613226452906,
1739891598922,0.001666666,,,,
1739891598928,0.17,,,
1739891598929,,0.216666666,,
1739891598933,,,0.376666666,
1739891599922,0.0,,,,
1739891599928,0.211666666,,,
1739891599929,,0.18852185485485484,,
1739891599933,,,0.22,
1739891600922,0.0,,,,
1739891600928,0.198333333,,,
1739891600929,,0.21645021578421578,,
1739891600934,,,0.2,
1739891601922,0.001666666,,,,
1739891601928,0.203333333,,,
1739891601929,,0.208333333,,
1739891601933,,,0.2,
1739891602922,0.0,,,,
1739891602928,0.213333333,,,
1739891602929,,0.2,,
1739891602934,,,0.21,
1739891603922,0.001666666,,,,
1739891603928,0.203333333,,,
1739891603929,,0.213333333,,
1739891603933,,,0.2,
1739891604922,0.001666666,,,,
1739891604928,0.193333333,,,
1739891604929,,0.205,,
1739891604934,,,0.206666666,
1739891605922,0.0,,,,
1739891605928,0.205,0.19185852452452454,,
1739891605934,,,0.205,
1739891606922,0.001666666,,,,
1739891606928,0.211666666,,,
1739891606929,,0.1981351978021978,,
1739891606934,,,0.198333333,
1739891607922,0.001666666,,,,
1739891607928,0.195,,,
1739891607929,,0.19,,
1739891607933,,,0.208333333,
1739891608922,0.0,,,,
1739891608928,0.2064602057942058,,,
1739891608929,,0.19352685985985987,,
1739891608934,,,0.215,
1739891609922,0.005,,,,
1739891609928,0.20520520520520522,,,
1739891609929,,0.22477522477522477,,
1739891609933,,,0.19185852452452454,
1739891610922,0.001666666,,,,
1739891610928,0.206666666,,,
1739891610929,,0.196666666,,
1739891610933,,,0.1931401928071928,
1739891611922,0.0,,,,
1739891611928,0.2,,,
1739891611929,,0.216666666,,
1739891611933,,,0.19185852452452454,
1739891612922,0.001666666,,,,
1739891612928,0.208333333,,,
1739891612929,,0.20186853453453454,,
1739891612933,,,0.213333333,
1739891613922,0.0,,,,
1739891613928,0.216666666,,,
1739891613929,,0.2014652007992008,,
1739891613934,,,0.18648018581418582,
1739891614922,0.0,,,,
1739891614928,0.198333333,,,
1739891614929,,0.205,,
1739891614933,,,0.215,
1739891615922,0.003333333,,,,
1739891615928,0.191666666,,,
1739891615929,,0.20520520520520522,,
1739891615934,,,0.205,
1739891616922,0.0,,,,
1739891616928,0.21,,,
1739891616929,,0.2,,
1739891616934,,,0.193333333,
1739891617922,0.0,,,,
1739891617928,0.196666666,,,
1739891617929,,0.198333333,,
1739891617933,,,0.20854187487487488,
1739891618922,0.0,,,,
1739891618928,0.203333333,,,
1739891618929,,0.211666666,,
1739891618933,,,0.196666666,
1739891619922,0.0,,,,
1739891619928,0.211666666,,,
1739891619929,,0.193333333,,
1739891619933,,,0.21,
1739891620922,0.001666666,,,,
1739891620928,0.201666666,,,
1739891620929,,0.196666666,,
1739891620934,,,0.1931401928071928,
1739891621922,0.0,,,,
1739891621928,0.211666666,,,
1739891621929,,0.1848151848151848,,
1739891621933,,,0.19019019019019018,
1739891622922,0.003330002997002997,,,,
1739891622928,0.205,,,
1739891622929,,0.1868535195195195,,
1739891622934,,,0.1981351978021978,
1739891623922,0.0,,,,
1739891623928,0.201666666,,,
1739891623929,,0.19480519480519481,,
1739891623933,,,0.22022022022022023,
1739891624922,0.0,,,,
1739891624928,0.196666666,,,
1739891624929,,0.218333333,,
1739891624933,,,0.19147519080919082,
1739891625922,0.0,,,,
1739891625928,0.191666666,,,
1739891625929,,0.21688354954954955,,
1739891625933,,,0.21021021021021022,
1739891626922,0.001666666,,,,
1739891626928,0.195,,,
1739891626929,,0.1981351978021978,,
1739891626933,,,0.2097902097902098,
1739891627922,0.0,,,,
1739891627928,0.183333333,,,
1739891627929,,0.195,,
1739891627934,,,0.196666666,
1739891628922,0.0,,,,
1739891628928,0.193333333,,,
1739891628929,,0.21,,
1739891628934,,,0.203333333,
1739891629922,0.001665000999000999,,,,
1739891629928,0.2,,,
1739891629929,,0.19352685985985987,,
1739891629933,,,0.201666666,
1739891630922,0.0,,,,
1739891630928,0.22,,,
1739891630929,,0.1881451878121878,,
1739891630933,,,0.20687353953953955,
1739891631922,0.001666666,,,,
1739891631928,0.2,,,
1739891631929,,0.20353686986986988,,
1739891631933,,,0.203333333,
1739891632922,0.001666666,,,,
1739891632928,0.196666666,,,
1739891632929,,0.22144522077922077,,
1739891632933,,,0.19480519480519481,
1739891633922,0.001666666,,,,
1739891633928,0.188333333,,,
1739891633929,,0.2,,
1739891633933,,,0.20854187487487488,
1739891634922,0.0,,,,
1739891634928,0.193333333,,,
1739891634929,,0.20687353953953955,,
1739891634933,,,0.198333333,
1739891635922,0.0016683343343343344,,,,
1739891635928,0.201666666,,,
1739891635929,,0.1998001998001998,,
1739891635933,,,0.2047952047952048,
1739891636922,0.0,,,,
1739891636928,0.208333333,,,
1739891636929,,0.2135468798798799,,
1739891636933,,,0.216666666,
1739891637922,0.001665000999000999,,,,
1739891637928,0.196666666,,,
1739891637929,,0.1964701958041958,,
1739891637933,,,0.211666666,
1739891638922,0.0,,,,
1739891638928,0.203333333,,,
1739891638929,,0.2,,
1739891638933,,,0.20186853453453454,
1739891639922,0.001666666,,,,
1739891639928,0.203333333,,,
1739891639931,,0.1996007984031936,,
1739891639933,,,0.2081252077922078,
1739891640922,0.0,,,,
1739891640928,0.213333333,,,
1739891640929,,0.19873079458917836,,
1739891640933,,,0.211666666,
1739891641922,0.001666666,,,,
1739891641928,0.2,,,
1739891641929,,0.198333333,,
1739891641933,,,0.195,
1739891642922,0.0,,,,
1739891642928,0.195,,,
1739891642929,,0.196666666,,
1739891642933,,,0.208333333,
1739891643922,0.0,,,,
1739891643928,0.193333333,,,
1739891643929,,0.2002002002002002,,
1739891643933,,,0.2,
1739891644922,0.001666666,,,,
1739891644928,0.21,,,
1739891644929,,0.21145521078921078,,
1739891644933,,,0.21,
1739891645922,0.0,,,,
1739891645928,0.198333333,,,
1739891645929,,0.198333333,,
1739891645933,,,0.213333333,
1739891646922,0.001665000999000999,,,,
1739891646928,0.215,,,
1739891646929,,0.20353686986986988,,
1739891646933,,,0.19853186486486488,
1739891647922,0.0,,,,
1739891647928,0.205,,,
1739891647929,,0.2097902097902098,,
1739891647933,,,0.20313020279720279,
1739891648922,0.0,,,,
1739891648928,0.196666666,,,
1739891648929,,0.22188855455455456,,
1739891648933,,,0.22,
1739891649922,0.0,,,,
1739891649928,0.208333333,,,
1739891649929,,0.20313020279720279,,
1739891649933,,,0.20687353953953955,
1739891650922,0.01,,,,
1739891650928,0.218333333,,,
1739891650929,,0.208333333,,
1739891650934,,,0.22311022277722278,
1739891651922,0.001666666,,,,
1739891651928,0.193333333,,,
1739891651929,,0.196666666,,
1739891651933,,,0.22,
1739891652922,0.0,,,,
1739891652928,0.205,,,
1739891652929,,0.193333333,,
1739891652933,,,0.19519519519519518,
1739891653922,0.013320012987012988,,,,
1739891653928,0.218333333,,,
1739891653929,,0.2,,
1739891653933,,,0.2131202127872128,
1739891654922,0.0016683343343343344,,,,
1739891654928,0.205,,,
1739891654929,,0.19853186486486488,,
1739891654933,,,0.22022022022022023,
1739891655922,0.07326007292707293,,,,
1739891655928,0.24,0.215,,
1739891655933,,,0.24,
1739891656922,0.025,,,,
1739891656928,0.298333333,,,
1739891656929,,0.22477522477522477,,
1739891656933,,,0.22311022277722278,
1739891657922,0.0,,,,
1739891657928,0.193333333,,,
1739891657929,,0.21187854454454455,,
1739891657933,,,0.21688354954954955,
1739891658922,0.0,,,,
1739891658928,0.221666666,,,
1739891658929,,0.2014652007992008,,
1739891658957,,,0.21484375,
1739891659922,0.0016683343343343344,,,,
1739891659928,0.198333333,,,
1739891659929,,0.215,,
1739891659933,,,0.19637978073770493,
1739891660922,0.0,,,,
1739891660928,0.201666666,,,
1739891660929,,0.21,,
1739891660933,,,0.21478521478521478,
1739891661922,0.0,,,,
1739891661928,0.223333333,,,
1739891661929,,0.2,,
1739891661933,,,0.20520520520520522,
1739891662922,0.0,,,,
1739891662928,0.21,,,
1739891662929,,0.19519519519519518,,
1739891662933,,,0.196666666,
1739891663922,0.001666666,,,,
1739891663928,0.211666666,,,
1739891663929,,0.196666666,,
1739891663933,,,0.20313020279720279,
1739891664922,0.0,,,,
1739891664928,0.205,,,
1739891664929,,0.2,,
1739891664933,,,0.21,
1739891665922,0.0,,,,
1739891665928,0.2,,,
1739891665929,,0.206666666,,
1739891665933,,,0.19686352952952954,
1739891666922,0.001666666,,,,
1739891666928,0.22,0.19,,
1739891666933,,,0.198333333,
1739891667922,0.0,,,,
1739891667928,0.191666666,,,
1739891667929,,0.22144522077922077,,
1739891667933,,,0.2181152177822178,
1739891668922,0.0,,,,
1739891668928,0.193333333,,,
1739891668929,,0.201666666,,
1739891668933,,,0.20186853453453454,
1739891669922,0.003333333,,,,
1739891669928,0.19,,,
1739891669929,,0.215,,
1739891669933,,,0.19147519080919082,
1739891670922,0.0,,,,
1739891670928,0.208333333,,,
1739891670929,,0.20186853453453454,,
1739891670933,,,0.19853186486486488,
1739891671922,0.0,,,,
1739891671928,0.203333333,0.198333333,,
1739891671933,,,0.208333333,
1739891672922,0.001666666,,,,
1739891672928,0.206666666,0.205,,
1739891672933,,,0.198333333,
1739891673922,0.0,,,,
1739891673928,0.201666666,0.203333333,,
1739891673933,,,0.211666666,
1739891674922,0.0,,,,
1739891674928,0.193333333,,,
1739891674929,,0.205,,
1739891674933,,,0.216666666,
1739891675922,0.001665000999000999,,,,
1739891675928,0.21,,,
1739891675929,,0.2064602057942058,,
1739891675933,,,0.22644022577422576,
1739891676922,0.0,,,,
1739891676928,0.201666666,,,
1739891676929,,0.206666666,,
1739891676933,,,0.196666666,
1739891677922,0.0,,,,
1739891677928,0.205,,,
1739891677929,,0.19352685985985987,,
1739891677933,,,0.20687353953953955,
1739891678922,0.001666666,,,,
1739891678928,0.193333333,0.2,,
1739891678933,,,0.205,
1739891679922,0.001666666,,,,
1739891679928,0.208333333,,,
1739891679929,,0.18981018981018982,,
1739891679934,,,0.2064602057942058,
1739891680922,0.0,,,,
1739891680928,0.213333333,0.2002002002002002,,
1739891680934,,,0.196666666,
1739891681922,0.001666666,,,,
1739891681928,0.191666666,,,
1739891681929,,0.201666666,,
1739891681933,,,0.20353686986986988,
1739891682922,0.0,,,,
1739891682928,0.196666666,0.211666666,,
1739891682934,,,0.20313020279720279,
1739891683922,0.0,,,,
1739891683928,0.21,0.198333333,,
1739891683933,,,0.208333333,
1739891684922,0.0016683343343343344,,,,
1739891684928,0.196666666,,,
1739891684929,,0.201666666,,
1739891684934,,,0.21,
1739891685922,0.0,,,,
1739891685928,0.211666666,,,
1739891685929,,0.2,,
1739891685934,,,0.201666666,
1739891686922,0.001666666,,,,
1739891686928,0.205,0.203333333,,
1739891686934,,,0.208333333,
1739891687922,0.0,,,,
1739891687928,0.19,0.195,,
1739891687933,,,0.21021021021021022,
1739891688922,0.0,,,,
1739891688928,0.206666666,0.193333333,,
1739891688933,,,0.206666666,
1739891689922,0.001666666,,,,
1739891689928,0.196666666,0.215,,
1739891689933,,,0.205,
1739891690922,0.0,,,,
1739891690928,0.206666666,0.215,,
1739891690933,,,0.2047952047952048,
1739891691922,0.001666666,,,,
1739891691928,0.201666666,0.215,,
1739891691933,,,0.205,
1739891692922,0.0,,,,
1739891692928,0.196666666,,,
1739891692929,,0.2081252077922078,,
1739891692933,,,0.206666666,
1739891693922,0.0,,,,
1739891693928,0.201666666,,,
1739891693929,,0.2,,
1739891693933,,,0.201666666,
1739891694922,0.0,,,,
1739891694928,0.205,0.20520520520520522,,
1739891694933,,,0.1868535195195195,
1739891695922,0.001665000999000999,,,,
1739891695928,0.205,0.203333333,,
1739891695933,,,0.19,
1739891696922,0.0,,,,
1739891696928,0.201666666,,,
1739891696929,,0.205,,
1739891696934,,,0.1931401928071928,
1739891697922,0.001666666,,,,
1739891697928,0.198333333,,,
1739891697929,,0.21,,
1739891697934,,,0.198333333,
1739891698922,0.0,,,,
1739891698928,0.2,,,
1739891698929,,0.198333333,,
1739891698933,,,0.20186853453453454,
1739891699922,0.003333333,,,,
1739891699928,0.216666666,,,
1739891699929,,0.21478521478521478,,
1739891699933,,,0.196666666,
1739891700922,0.0,,,,
1739891700928,,0.19853186486486488,,
1739891700929,0.1964701958041958,,,
1739891700933,,,0.205,
1739891701922,0.0,,,,
1739891701928,0.19686352952952954,,,
1739891701929,,0.201666666,,
1739891701933,,,0.198333333,
1739891702922,0.001666666,,,,
1739891702928,0.21,,,
1739891702929,,0.198333333,,
1739891702933,,,0.206666666,
1739891703922,0.0,,,,
1739891703928,0.206666666,,,
1739891703929,,0.2014652007992008,,
1739891703933,,,0.208333333,
1739891704922,0.0,,,,
1739891704928,0.203333333,0.19519519519519518,,
1739891704933,,,0.216666666,
1739891705922,0.001666666,,,,
1739891705928,0.1964701958041958,,,
1739891705929,,0.1931401928071928,,
1739891705934,,,0.1998001998001998,
1739891706922,0.003333333,,,,
1739891706928,0.21021021021021022,0.2002002002002002,,
1739891706933,,,0.211666666,
1739891707922,0.0,,,,
1739891707928,0.216666666,,,
1739891707929,,0.196666666,,
1739891707934,,,0.19,
1739891708922,0.0,,,,
1739891708928,0.193333333,,,
1739891708929,,0.208333333,,
1739891708934,,,0.213333333,
1739891709922,0.0,,,,
1739891709928,0.205,,,
1739891709929,,0.19147519080919082,,
1739891709934,,,0.21,
1739891710922,0.001666666,,,,
1739891710928,0.188333333,,,
1739891710929,,0.20186853453453454,,
1739891710933,,,0.205,
1739891711922,0.0,,,,
1739891711928,0.196666666,0.201666666,,
1739891711934,,,0.21,
1739891712922,0.0016683343343343344,,,,
1739891712928,0.211666666,,,
1739891712929,,0.196666666,,
1739891712934,,,0.203333333,
1739891713922,0.0,,,,
1739891713928,0.218333333,0.208333333,,
1739891713934,,,0.195,
1739891714922,0.001666666,,,,
1739891714928,0.196666666,,,
1739891714929,,0.196666666,,
1739891714934,,,0.2,
1739891715922,0.0,,,,
1739891715928,0.216666666,,,
1739891715929,,0.2081252077922078,,
1739891715934,,,0.203333333,
1739891716922,0.0,,,,
1739891716928,0.21,,,
1739891716929,,0.19686352952952954,,
1739891716934,,,0.218333333,
1739891717922,0.0,,,,
1739891717928,0.206666666,,,
1739891717929,,0.1964701958041958,,
1739891717933,,,0.203333333,
1739891718922,0.0,,,,
1739891718928,0.195,,,
1739891718929,,0.20687353953953955,,
1739891718933,,,0.21187854454454455,
1739891719922,0.001666666,,,,
1739891719928,0.195,0.205,,
1739891719933,,,0.215,
1739891720922,0.0,,,,
1739891720928,0.196666666,,,
1739891720929,,0.206666666,,
1739891720933,,,0.2,
1739891721922,0.001666666,,,,
1739891721928,0.208333333,0.191666666,,
1739891721933,,,0.2014652007992008,
1739891722922,0.0,,,,
1739891722928,0.208333333,0.21,,
1739891722935,,,0.21145521078921078,
1739891723922,0.0,,,,
1739891723928,0.211666666,,,
1739891723929,,0.2,,
1739891723933,,,0.20708082765531063,
1739891724922,0.0,,,,
1739891724928,0.19,,,
1739891724929,,0.2181152177822178,,
1739891724934,,,0.21478521478521478,
1739891725922,0.001665000999000999,,,,
1739891725928,0.21,,,
1739891725929,,0.215,,
1739891725933,,,0.198333333,
1739891726922,0.0016683343343343344,,,,
1739891726928,0.196666666,,,
1739891726929,,0.198333333,,
1739891726933,,,0.19519519519519518,
1739891727922,0.0,,,,
1739891727928,0.203333333,,,
1739891727929,,0.2,,
1739891727933,,,0.2,
1739891728922,0.0,,,,
1739891728928,0.191666666,0.2002002002002002,,
1739891728933,,,0.208333333,
1739891729922,0.0,,,,
1739891729928,0.206666666,,,
1739891729929,,0.206666666,,
1739891729933,,,0.213333333,
1739891730922,0.001665000999000999,,,,
1739891730928,0.201666666,0.206666666,,
1739891730933,,,0.2131202127872128,
1739891731922,0.0,,,,
1739891731928,0.216666666,0.19,,
1739891731933,,,0.20687353953953955,
1739891732922,0.008341674674674674,,,,
1739891732928,0.215,,,
1739891732929,,0.205,,
1739891732933,,,0.2097902097902098,
1739891733922,0.0,,,,
1739891733928,0.213333333,,,
1739891733929,,0.21,,
1739891733934,,,0.205,
1739891734922,0.0,,,,
1739891734928,0.205,0.208333333,,
1739891734934,,,0.213333333,
1739891735922,0.001666666,,,,
1739891735928,0.201666666,,,
1739891735929,,0.198333333,,
1739891735934,,,0.211666666,
1739891736922,0.0,,,,
1739891736928,0.195,,,
1739891736929,,0.18981018981018982,,
1739891736934,,,0.21,
1739891737922,0.0,,,,
1739891737928,0.211666666,,,
1739891737929,,0.213333333,,
1739891737933,,,0.20520520520520522,
1739891738922,0.0,,,,
1739891738928,0.191666666,,,
1739891738929,,0.20353686986986988,,
1739891738933,,,0.1981351978021978,
1739891739922,0.0,,,,
1739891739928,0.206666666,,,
1739891739929,,0.195,,
1739891739933,,,0.195,
1739891740922,0.001666666,,,,
1739891740928,0.213333333,,,
1739891740929,,0.21978021978021978,,
1739891740933,,,0.196666666,
1739891741922,0.0,,,,
1739891741928,0.206666666,,,
1739891741929,,0.19519519519519518,,
1739891741933,,,0.213333333,
1739891742922,0.0,,,,
1739891742928,0.218333333,,,
1739891742929,,0.2081252077922078,,
1739891742933,,,0.198333333,
1739891743922,0.0,,,,
1739891743928,0.2,0.19185852452452454,,
1739891743933,,,0.21021021021021022,
1739891744922,0.0,,,,
1739891744928,0.21,0.206666666,,
1739891744933,,,0.20313020279720279,
1739891745922,0.008341674674674674,,,,
1739891745928,0.206666666,,,
1739891745929,,0.201666666,,
1739891745933,,,0.21187854454454455,
1739891746922,0.0,,,,
1739891746928,0.205,,,
1739891746929,,0.2131202127872128,,
1739891746933,,,0.205,
1739891747922,0.0,,,,
1739891747928,0.215,,,
1739891747929,,0.21,,
1739891747933,,,0.195,
1739891748922,0.0,,,,
1739891748928,0.225,0.2185518848848849,,
1739891748933,,,0.196666666,
1739891749922,0.001666666,,,,
1739891749928,0.198333333,,,
1739891749929,,0.198333333,,
1739891749933,,,0.215,
1739891750922,0.0,,,,
1739891750928,0.215,0.19,,
1739891750933,,,0.208333333,
1739891751922,0.0,,,,
1739891751928,0.2,0.208333333,,
1739891751933,,,0.201666666,
1739891752922,0.001666666,,,,
1739891752928,0.211666666,,,
1739891752929,,0.216666666,,
1739891752933,,,0.205,
1739891753922,0.0,,,,
1739891753928,0.201666666,,,
1739891753929,,0.21478521478521478,,
1739891753933,,,0.216666666,
1739891754922,0.0,,,,
1739891754928,0.191666666,,,
1739891754929,,0.21688354954954955,,
1739891754933,,,0.20313020279720279,
1739891755922,0.0,,,,
1739891755928,0.206666666,,,
1739891755929,,0.205,,
1739891755933,,,0.20854187487487488,
1739891756922,0.0,,,,
1739891756928,0.213333333,,,
1739891756929,,0.215,,
1739891756933,,,0.205,
1739891757922,0.0016683343343343344,,,,
1739891757928,0.198333333,0.2,,
1739891757933,,,0.215,
1739891758922,0.001666666,,,,
1739891758928,0.208333333,,,
1739891758929,,0.218333333,,
1739891758933,,,0.198333333,
1739891759922,0.006666666,,,,
1739891759928,0.205,0.19,,
1739891759934,,,0.2064602057942058,
1739891760922,0.0,,,,
1739891760928,0.208333333,0.21,,
1739891760933,,,0.205,
1739891761922,0.0,,,,
1739891761928,0.205,,,
1739891761929,,0.1981351978021978,,
1739891761934,,,0.196666666,
1739891762922,0.0,,,,
1739891762928,0.191666666,,,
1739891762929,,0.2002002002002002,,
1739891762933,,,0.208333333,
1739891763922,0.001666666,,,,
1739891763928,0.211666666,,,
1739891763929,,0.193333333,,
1739891763933,,,0.195,
1739891764922,0.0,,,,
1739891764928,0.186666666,,,
1739891764929,,0.2081252077922078,,
1739891764933,,,0.2,
1739891765922,0.001666666,,,,
1739891765928,0.186666666,,,
1739891765929,,0.20186853453453454,,
1739891765933,,,0.23023023023023023,
1739891766922,0.0,,,,
1739891766928,0.186666666,0.198333333,,
1739891766933,,,0.205,
1739891767922,0.003333333,,,,
1739891767928,0.19,0.2,,
1739891767933,,,0.206666666,
1739891768922,0.0,,,,
1739891768928,0.205,0.215,,
1739891768933,,,0.205,
1739891769922,0.0,,,,
1739891769928,0.2,0.211666666,,
1739891769933,,,0.2047952047952048,
1739891770922,0.008333333,,,,
1739891770928,0.208333333,,,
1739891770929,,0.19147519080919082,,
1739891770933,,,0.206666666,
1739891771922,0.0,,,,
1739891771928,0.216666666,,,
1739891771929,,0.20687353953953955,,
1739891771933,,,0.18852185485485484,
1739891772922,0.0016683343343343344,,,,
1739891772928,0.195,,,
1739891772929,,0.221666666,,
1739891772933,,,0.2081252077922078,
1739891773922,0.008333333,,,,
1739891773928,0.196666666,,,
1739891773929,,0.195,,
1739891773933,,,0.218333333,
1739891774922,0.0,,,,
1739891774928,0.201666666,,,
1739891774929,,0.2,,
1739891774933,,,0.20854187487487488,
1739891775922,0.0,,,,
1739891775928,0.203333333,0.195,,
1739891775933,,,0.21,
1739891776922,0.0016683343343343344,,,,
1739891776928,0.205,,,
1739891776929,,0.208333333,,
1739891776934,,,0.2047952047952048,
1739891777922,0.0,,,,
1739891777928,0.205,,,
1739891777929,,0.19147519080919082,,
1739891777933,,,0.215,
1739891778922,0.0,,,,
1739891778928,0.206666666,,,
1739891778929,,0.20854187487487488,,
1739891778933,,,0.20520520520520522,
1739891779922,0.0,,,,
1739891779928,0.221666666,,,
1739891779929,,0.19,,
1739891779933,,,0.201666666,
1739891780922,0.001666666,,,,
1739891780928,0.191666666,,,
1739891780929,,0.22477522477522477,,
1739891780933,,,0.195,
1739891781922,0.001666666,,,,
1739891781928,0.196666666,,,
1739891781929,,0.18852185485485484,,
1739891781933,,,0.218333333,
1739891782922,0.0,,,,
1739891782928,0.185,,,
1739891782929,,0.205,,
1739891782933,,,0.203333333,
1739891783922,0.0,,,,
1739891783928,0.21,0.198333333,,
1739891783933,,,0.1998001998001998,
1739891784922,0.001666666,,,,
1739891784928,0.193333333,0.196666666,,
1739891784933,,,0.2002002002002002,
1739891785922,0.0,,,,
1739891785928,0.2,0.2,,
1739891785933,,,0.21,
1739891786922,0.0,,,,
1739891786928,0.206666666,,,
1739891786929,,0.206666666,,
1739891786933,,,0.20313020279720279,
1739891787922,0.00999000999000999,,,,
1739891787928,0.186666666,0.201666666,,
1739891787933,,,0.21021021021021022,
1739891788922,0.0,,,,
1739891788928,0.196666666,0.205,,
1739891788933,,,0.205,
1739891789922,0.0,,,,
1739891789928,0.193333333,0.203333333,,
1739891789933,,,0.225,
1739891790922,0.0,,,,
1739891790928,0.201666666,0.205,,
1739891790933,,,0.2014652007992008,
1739891791922,0.0,,,,
1739891791928,0.21,,,
1739891791929,,0.218333333,,
1739891791933,,,0.2002002002002002,
1739891792922,0.001666666,,,,
1739891792928,0.275,0.196666666,,
1739891792933,,,0.285,
1739891793922,0.0,,,,
1739891793928,0.195,0.191666666,,
1739891793933,,,0.198333333,
1739891794922,0.0,,,,
1739891794928,0.216666666,0.198333333,,
1739891794933,,,0.188333333,
1739891795922,0.0,,,,
1739891795928,0.218333333,,,
1739891795929,,0.176666666,,
1739891795933,,,0.215,
1739891796922,0.0,,,,
1739891796928,0.201666666,0.21,,
1739891796933,,,0.198333333,
1739891797922,0.0,,,,
1739891797928,0.195,,,
1739891797929,,0.208333333,,
1739891797933,,,0.221666666,
1739891798922,0.001666666,,,,
1739891798928,0.193333333,,,
1739891798929,,0.201666666,,
1739891798933,,,0.195,
1739891799922,0.0,,,,
1739891799928,0.195,,,
1739891799929,,0.191666666,,
1739891799933,,,0.198333333,
1739891800922,0.0,,,,
1739891800928,0.205,,,
1739891800929,,0.205,,
1739891800933,,,0.196666666,
1739891801922,0.001665000999000999,,,,
1739891801928,0.203333333,0.203333333,,
1739891801933,,,0.208333333,
1739891802922,0.0,,,,
1739891802928,0.211666666,0.191666666,,
1739891802933,,,0.188333333,
1739891803922,0.001666666,,,,
1739891803928,0.193333333,,,
1739891803929,,0.195,,
1739891803933,,,0.213333333,
1739891804922,0.0,,,,
1739891804928,0.2,,,
1739891804929,,0.2064602057942058,,
1739891804933,,,0.211666666,
1739891805922,0.0,,,,
1739891805928,0.186666666,,,
1739891805929,,0.19185852452452454,,
1739891805933,,,0.216666666,
1739891806922,0.03829503796203796,,,,
1739891806928,0.191666666,,,
1739891806929,,0.2,,
1739891806933,,,0.1964701958041958,
1739891807922,0.0,,,,
1739891807928,0.2,,,
1739891807929,,0.191666666,,
1739891807933,,,0.2002002002002002,
1739891808922,0.0016683343343343344,,,,
1739891808928,0.203333333,0.2,,
1739891808933,,,0.205,
1739891809922,0.001666666,,,,
1739891809928,0.201666666,0.203333333,,
1739891809933,,,0.206666666,
1739891810922,0.0,,,,
1739891810928,0.201666666,0.201666666,,
1739891810933,,,0.206666666,
1739891811922,0.0,,,,
1739891811928,0.22,,,
1739891811929,,0.186666666,,
1739891811933,,,0.211666666,
1739891812922,0.0,,,,
1739891812928,0.2,0.211666666,,
1739891812933,,,0.203333333,
1739891813922,0.001665000999000999,,,,
1739891813928,0.193333333,,,
1739891813929,,0.198333333,,
1739891813933,,,0.216666666,
1739891814922,0.0,,,,
1739891814928,0.186666666,0.193333333,,
1739891814933,,,0.205,
1739891815922,0.0,,,,
1739891815928,0.196666666,0.205,,
1739891815933,,,0.205,
1739891816922,0.0,,,,
1739891816928,0.205,0.215,,
1739891816933,,,0.191666666,
1739891817922,0.0,,,,
1739891817928,0.195,,,
1739891817929,,0.201666666,,
1739891817933,,,0.196666666,
1739891818922,0.0,,,,
1739891818928,0.195,,,
1739891818929,,0.198333333,,
1739891818933,,,0.201666666,
1739891819922,0.001666666,,,,
1739891819928,0.215,,,
1739891819929,,0.193333333,,
1739891819933,,,0.201666666,
1739891820922,0.0,,,,
1739891820928,0.188333333,0.213333333,,
1739891820933,,,0.201666666,
1739891821922,0.0,,,,
1739891821928,0.198333333,,,
1739891821929,,0.195,,
1739891821933,,,0.213333333,
1739891822922,0.0,,,,
1739891822928,0.198333333,,,
1739891822929,,0.191666666,,
1739891822933,,,0.206666666,
1739891823922,0.003333333,,,,
1739891823928,0.203333333,0.19,,
1739891823933,,,0.208333333,
1739891824922,0.0,,,,
1739891824928,0.203333333,,,
1739891824929,,0.198333333,,
1739891824933,,,0.205,
1739891825922,0.0,,,,
1739891825928,0.2,,,
1739891825929,,0.198333333,,
1739891825933,,,0.198333333,
1739891826922,0.0,,,,
1739891826928,0.218333333,,,
1739891826929,,0.196666666,,
1739891826933,,,0.206666666,
1739891827922,0.001666666,,,,
1739891827928,0.211666666,,,
1739891827929,,0.205,,
1739891827933,,,0.201666666,
1739891828922,0.0,,,,
1739891828928,0.205,,,
1739891828929,,0.213333333,,
1739891828933,,,0.206666666,
1739891829922,0.0,,,,
1739891829928,0.198333333,0.205,,
1739891829933,,,0.2081252077922078,
1739891830922,0.0,,,,
1739891830928,0.211666666,,,
1739891830929,,0.191666666,,
1739891830933,,,0.198333333,
1739891831922,0.001665000999000999,,,,
1739891831928,0.208333333,0.188333333,,
1739891831933,,,0.19853186486486488,
1739891832922,0.0,,,,
1739891832928,0.191666666,0.2,,
1739891832933,,,0.2,
1739891833922,0.0,,,,
1739891833928,0.19,,,
1739891833929,,0.2,,
1739891833933,,,0.2014652007992008,
1739891834922,0.003333333,,,,
1739891834928,0.19,,,
1739891834929,,0.191666666,,
1739891834934,,,0.21,
1739891835922,0.0,,,,
1739891835928,0.205,,,
1739891835929,,0.196666666,,
1739891835934,,,0.196666666,
1739891836922,0.0,,,,
1739891836928,0.198333333,,,
1739891836929,,0.198333333,,
1739891836933,,,0.20353686986986988,
1739891837922,0.001666666,,,,
1739891837928,0.195,0.206666666,,
1739891837933,,,0.2,
1739891838922,0.0,,,,
1739891838928,0.2,,,
1739891838929,,0.191666666,,
1739891838933,,,0.213333333,
1739891839922,0.0,,,,
1739891839928,0.191666666,0.191666666,,
1739891839933,,,0.196666666,
1739891840922,0.0,,,,
1739891840928,0.196666666,,,
1739891840929,,0.196666666,,
1739891840933,,,0.1981351978021978,
1739891841922,0.0,,,,
1739891841928,0.208333333,,,
1739891841929,,0.19147519080919082,,
1739891841933,,,0.19853186486486488,
1739891842922,0.001666666,,,,
1739891842928,0.198333333,,,
1739891842929,,0.19853186486486488,,
1739891842933,,,0.195,
1739891843922,0.0,,,,
1739891843928,0.213333333,0.193333333,,
1739891843933,,,0.195,
1739891844922,0.0,,,,
1739891844928,0.201666666,,,
1739891844929,,0.201666666,,
1739891844933,,,0.196666666,
1739891845922,0.0,,,,
1739891845928,0.203333333,,,
1739891845929,,0.2064602057942058,,
1739891845933,,,0.198333333,
1739891846922,0.0,,,,
1739891846928,0.203333333,,,
1739891846929,,0.20854187487487488,,
1739891846934,,,0.1981351978021978,
1739891847922,0.0,,,,
1739891847928,0.198333333,,,
1739891847929,,0.1881451878121878,,
1739891847933,,,0.20687353953953955,
1739891848922,0.0,,,,
1739891848928,0.2,,,
1739891848929,,0.20353686986986988,,
1739891848933,,,0.21,
1739891849922,0.003330002997002997,,,,
1739891849928,0.193333333,,,
1739891849929,,0.2,,
1739891849934,,,0.19480519480519481,
1739891850922,0.0,,,,
1739891850928,0.196666666,0.208333333,,
1739891850933,,,0.20186853453453454,
1739891851922,0.0,,,,
1739891851928,0.211666666,0.198333333,,
1739891851933,,,0.2,
1739891852922,0.0,,,,
1739891852928,0.196666666,,,
1739891852929,,0.203333333,,
1739891852933,,,0.2,
1739891853922,0.0,,,,
1739891853928,0.185,,,
1739891853929,,0.21,,
1739891853933,,,0.208333333,
1739891854922,0.001666666,,,,
1739891854928,0.205,0.198333333,,
1739891854933,,,0.21,
1739891855922,0.0,,,,
1739891855928,0.196666666,0.191666666,,
1739891855933,,,0.22,
1739891856922,0.0,,,,
1739891856928,0.198333333,,,
1739891856929,,0.205,,
1739891856933,,,0.216666666,
1739891857922,0.0,,,,
1739891857928,0.208333333,,,
1739891857929,,0.208333333,,
1739891857933,,,0.201666666,
1739891858922,0.0,,,,
1739891858928,0.198333333,,,
1739891858929,,0.198333333,,
1739891858933,,,0.198333333,
1739891859922,0.0,,,,
1739891859928,0.206666666,0.186666666,,
1739891859933,,,0.208333333,
1739891860922,0.001666666,,,,
1739891860928,0.206666666,0.195,,
1739891860933,,,0.195,
1739891861922,0.0,,,,
1739891861928,0.196666666,0.21,,
1739891861933,,,0.206666666,
1739891862922,0.006666666,,,,
1739891862928,0.196666666,,,
1739891862929,,0.21,,
1739891862933,,,0.191666666,
1739891863922,0.0,,,,
1739891863928,0.198333333,0.183333333,,
1739891863933,,,0.21978021978021978,
1739891864922,0.001665000999000999,,,,
1739891864928,0.2,0.19,,
1739891864933,,,0.20186853453453454,
1739891865922,0.0,,,,
1739891865928,0.196666666,0.191666666,,
1739891865933,,,0.201666666,
1739891866922,0.001666666,,,,
1739891866927,0.205,,,
1739891866929,,0.21,,
1739891866933,,,0.2,
1739891867922,0.0,,,,
1739891867928,0.178333333,0.201666666,,
1739891867933,,,0.2064602057942058,
1739891868922,0.0,,,,
1739891868928,0.205,,,
1739891868929,,0.191666666,,
1739891868933,,,0.18518518518518517,
1739891869922,0.0,,,,
1739891869928,0.203333333,,,
1739891869929,,0.188333333,,
1739891869933,,,0.195,
1739891870922,0.001666666,,,,
1739891870928,0.188333333,0.206666666,,
1739891870934,,,0.19480519480519481,
1739891871922,0.0,,,,
1739891871928,0.19,,,
1739891871929,,0.193333333,,
1739891871933,,,0.20687353953953955,
1739891872922,0.0,,,,
1739891872928,0.201666666,,,
1739891872929,,0.196666666,,
1739891872933,,,0.21,
1739891873922,0.0,,,,
1739891873928,0.201666666,,,
1739891873929,,0.201666666,,
1739891873933,,,0.206666666,
1739891874922,0.0,,,,
1739891874928,0.195,,,
1739891874929,,0.196666666,,
1739891874933,,,0.201666666,
1739891875922,0.0,,,,
1739891875928,0.181666666,,,
1739891875929,,0.205,,
1739891875933,,,0.198333333,
1739891876922,0.001666666,,,,
1739891876928,0.205,0.19,,
1739891876933,,,0.206666666,
1739891877922,0.004995004995004995,,,,
1739891877928,0.196666666,,,
1739891877929,,0.205,,
1739891877933,,,0.2,
1739891878922,0.0016683343343343344,,,,
1739891878928,0.191666666,0.216666666,,
1739891878934,,,0.2047952047952048,
1739891879922,0.001665000999000999,,,,
1739891879928,0.186666666,0.198333333,,
1739891879933,,,0.2002002002002002,
1739891880922,0.0,,,,
1739891880928,0.19,0.183333333,,
1739891880933,,,0.213333333,
1739891881922,0.0,,,,
1739891881928,0.201666666,0.21,,
1739891881933,,,0.198333333,
1739891882922,0.0,,,,
1739891882928,0.198333333,0.201666666,,
1739891882933,,,0.195,
1739891883922,0.001665000999000999,,,,
1739891883928,0.2,,,
1739891883929,,0.2,,
1739891883933,,,0.205,
1739891884922,0.0,,,,
1739891884928,0.216666666,0.195,,
1739891884933,,,0.198333333,
1739891885922,0.0,,,,
1739891885928,0.19,0.205,,
1739891885933,,,0.206666666,
1739891886922,0.0,,,,
1739891886928,0.193333333,0.208333333,,
1739891886933,,,0.198333333,
1739891887922,0.0,,,,
1739891887928,0.198333333,0.195,,
1739891887933,,,0.201666666,
1739891888922,0.0033366696696696696,,,,
1739891888928,0.198333333,0.203333333,,
1739891888933,,,0.21145521078921078,
1739891889922,0.0,,,,
1739891889927,0.196666666,,,
1739891889928,,0.198333333,,
1739891889933,,,0.19853186486486488,
1739891890922,0.0,,,,
1739891890928,0.206666666,0.195,,
1739891890933,,,0.198333333,
1739891891922,0.0,,,,
1739891891927,0.193333333,,,
1739891891928,,0.198333333,,
1739891891933,,,0.205,
1739891892922,0.0,,,,
1739891892928,0.21,,,
1739891892929,,0.203333333,,
1739891892933,,,0.196666666,
1739891893922,0.001666666,,,,
1739891893928,0.203333333,0.2,,
1739891893933,,,0.198333333,
1739891894922,0.0,,,,
1739891894928,0.188333333,,,
1739891894929,,0.216666666,,
1739891894934,,,0.1981351978021978,
1739891895922,0.0,,,,
1739891895928,0.188333333,0.201666666,,
1739891895933,,,0.2185518848848849,
1739891896922,0.0,,,,
1739891896928,0.195,0.186666666,,
1739891896933,,,0.218333333,
1739891897922,0.0,,,,
1739891897928,0.195,,,
1739891897929,,0.2,,
1739891897933,,,0.221666666,
1739891898922,0.0,,,,
1739891898928,0.213333333,,,
1739891898929,,0.19,,
1739891898933,,,0.215,
1739891899922,0.0,,,,
1739891899928,0.208333333,,,
1739891899929,,0.195,,
1739891899933,,,0.211666666,
1739891900922,0.001666666,,,,
1739891900928,0.225,,,
1739891900929,,0.191666666,,
1739891900933,,,0.208333333,
1739891901922,0.001666666,,,,
1739891901928,0.196666666,,,
1739891901929,,0.213333333,,
1739891901933,,,0.206666666,
1739891902922,0.0,,,,
1739891902928,0.198333333,,,
1739891902929,,0.2081252077922078,,
1739891902933,,,0.196666666,
1739891903922,0.0,,,,
1739891903927,0.208333333,,,
1739891903928,,0.20520520520520522,,
1739891903933,,,0.205,
1739891904922,0.0,,,,
1739891904928,0.19,0.185,,
1739891904933,,,0.22,
1739891905922,0.0,,,,
1739891905928,0.258333333,0.19,,
1739891905933,,,0.19,
1739891906922,0.0,,,,
1739891906927,0.211666666,,,
1739891906929,,0.225,,
1739891906933,,,0.223333333,
1739891907922,0.0,,,,
1739891907928,0.18,0.283333333,,
1739891907933,,,0.243333333,
1739891908922,0.001666666,,,,
1739891908928,0.215,0.2,,
1739891908933,,,0.196666666,
1739891909922,0.0,,,,
1739891909928,0.208333333,0.193333333,,
1739891909933,,,0.208333333,
1739891910922,0.0,,,,
1739891910928,0.2,,,
1739891910929,,0.216666666,,
1739891910933,,,0.203333333,
1739891911922,0.0,,,,
1739891911928,0.206666666,,,
1739891911929,,0.208333333,,
1739891911933,,,0.208333333,
1739891912922,0.001666666,,,,
1739891912928,0.19,0.208333333,,
1739891912933,,,0.22,
1739891913922,0.0,,,,
1739891913928,0.201666666,,,
1739891913929,,0.18981018981018982,,
1739891913933,,,0.21,
1739891914922,0.0,,,,
1739891914928,0.201666666,0.19519519519519518,,
1739891914933,,,0.216666666,
1739891915922,0.001666666,,,,
1739891915927,0.206666666,,,
1739891915928,,0.216666666,,
1739891915933,,,0.213333333,
1739891916922,0.0,,,,
1739891916928,0.22,0.2,,
1739891916933,,,0.206666666,
1739891917922,0.0016683343343343344,,,,
1739891917928,0.198333333,,,
1739891917929,,0.203333333,,
1739891917933,,,0.215,
1739891918922,0.0,,,,
1739891918928,0.208333333,0.203333333,,
1739891918933,,,0.203333333,
1739891919922,0.0,,,,
1739891919928,0.186666666,,,
1739891919929,,0.211666666,,
1739891919933,,,0.196666666,
1739891920922,0.0,,,,
1739891920928,0.211666666,0.2,,
1739891920933,,,0.203333333,
1739891921922,0.001666666,,,,
1739891921928,0.196666666,0.191666666,,
1739891921933,,,0.213333333,
1739891922922,0.0,,,,
1739891922928,0.211666666,0.198333333,,
1739891922933,,,0.183333333,
1739891923922,0.0,,,,
1739891923928,0.198333333,,,
1739891923929,,0.193333333,,
1739891923933,,,0.216666666,
1739891924922,0.0,,,,
1739891924928,0.215,0.205,,
1739891924933,,,0.205,
1739891925922,0.0,,,,
1739891925928,0.19,,,
1739891925929,,0.213333333,,
1739891925933,,,0.2,
1739891926922,0.001666666,,,,
1739891926928,0.201666666,0.21,,
1739891926933,,,0.21,
1739891927922,0.001666666,,,,
1739891927928,0.213333333,,,
1739891927929,,0.218333333,,
1739891927933,,,0.216666666,
1739891928922,0.0,,,,
1739891928928,0.206666666,,,
1739891928929,,0.201666666,,
1739891928933,,,0.213333333,
1739891929922,0.0,,,,
1739891929928,0.201666666,,,
1739891929929,,0.193333333,,
1739891929933,,,0.225,
1739891930922,0.0,,,,
1739891930928,0.206666666,,,
1739891930929,,0.201666666,,
1739891930933,,,0.205,
1739891931922,0.0,,,,
1739891931928,0.2,0.218333333,,
1739891931933,,,0.203333333,
1739891932922,0.001666666,,,,
1739891932928,0.216666666,0.201666666,,
1739891932933,,,0.203333333,
1739891933922,0.0,,,,
1739891933928,0.216666666,0.208333333,,
1739891933933,,,0.206666666,
1739891934922,0.0,,,,
1739891934928,0.205,,,
1739891934929,,0.196666666,,
1739891934933,,,0.216666666,
1739891935922,0.0,,,,
1739891935928,0.2,0.216666666,,
1739891935934,,,0.2081252077922078,
1739891936922,0.0,,,,
1739891936928,0.196666666,0.213333333,,
1739891936934,,,0.201666666,
1739891937922,0.001666666,,,,
1739891937928,0.193333333,0.186666666,,
1739891937933,,,0.22188855455455456,
1739891938922,0.0,,,,
1739891938928,0.205,0.198333333,,
1739891938933,,,0.201666666,
1739891939922,0.0,,,,
1739891939928,0.213333333,0.191666666,,
1739891939933,,,0.21,
1739891940922,0.0,,,,
1739891940928,0.215,,,
1739891940929,,0.213333333,,
1739891940933,,,0.201666666,
1739891941922,0.0,,,,
1739891941928,0.201666666,,,
1739891941929,,0.206666666,,
1739891941933,,,0.198333333,
1739891942922,0.0,,,,
1739891942927,0.2,,,
1739891942929,,0.201666666,,
1739891942933,,,0.198333333,
1739891943922,0.003333333,,,,
1739891943928,0.203333333,,,
1739891943929,,0.216666666,,
1739891943933,,,0.2,
1739891944922,0.0,,,,
1739891944928,0.205,0.196666666,,
1739891944933,,,0.186666666,
1739891945922,0.0,,,,
1739891945928,0.24,,,
1739891945929,,0.203333333,,
1739891945933,,,0.25308025274725277,
1739891946922,0.0,,,,
1739891946928,0.193333333,,,
1739891946929,,0.21,,
1739891946933,,,0.20687353953953955,
1739891947922,0.001665000999000999,,,,
1739891947928,0.191666666,0.21,,
1739891947934,,,0.21478521478521478,
1739891948922,0.0,,,,
1739891948928,0.208333333,0.215,,
1739891948933,,,0.21688354954954955,
1739891949922,0.0,,,,
1739891949928,0.215,,,
1739891949929,,0.19,,
1739891949934,,,0.1931401928071928,
1739891950922,0.0,,,,
1739891950927,0.211666666,,,
1739891950929,,0.2014652007992008,,
1739891950933,,,0.20353686986986988,
1739891951922,0.001666666,,,,
1739891951928,0.183333333,,,
1739891951929,,0.20854187487487488,,
1739891951933,,,0.211666666,
1739891952922,0.0,,,,
1739891952928,0.203333333,0.198333333,,
1739891952933,,,0.211666666,
1739891953922,0.001666666,,,,
1739891953927,0.203333333,,,
1739891953928,,0.205,,
1739891953933,,,0.195,
1739891954922,0.0,,,,
1739891954928,0.205,0.191666666,,
1739891954933,,,0.22644022577422576,
1739891955922,0.003333333,,,,
1739891955928,0.208333333,,,
1739891955929,,0.2,,
1739891955933,,,0.2135468798798799,
1739891956922,0.0,,,,
1739891956927,0.211666666,,,
1739891956929,,0.195,,
1739891956933,,,0.206666666,
1739891957922,0.0,,,,
1739891957928,0.211666666,,,
1739891957929,,0.191666666,,
1739891957933,,,0.2,
1739891958922,0.0,,,,
1739891958928,0.2,,,
1739891958929,,0.22144522077922077,,
1739891958933,,,0.205,
1739891959922,0.001666666,,,,
1739891959928,0.205,0.18852185485485484,,
1739891959934,,,0.2047952047952048,
1739891960922,0.001665000999000999,,,,
1739891960928,0.201666666,,,
1739891960929,,0.213333333,,
1739891960934,,,0.198333333,
1739891961922,0.0,,,,
1739891961928,0.208333333,,,
1739891961929,,0.1981351978021978,,
1739891961934,,,0.2,
1739891962922,0.02,,,,
1739891962928,0.193333333,0.19686352952952954,,
1739891962934,,,0.208333333,
1739891963922,0.001666666,,,,
1739891963928,0.205,,,
1739891963929,,0.195,,
1739891963933,,,0.21021021021021022,
1739891964922,0.0,,,,
1739891964928,0.213333333,0.208333333,,
1739891964933,,,0.201666666,
1739891965922,0.0,,,,
1739891965928,0.216666666,0.193333333,,
1739891965933,,,0.21,
1739891966922,0.0016683343343343344,,,,
1739891966928,0.211666666,,,
1739891966929,,0.203333333,,
1739891966933,,,0.206666666,
1739891967922,0.0,,,,
1739891967928,0.198333333,0.198333333,,
1739891967933,,,0.215,
1739891968922,0.0,,,,
1739891968928,0.198333333,0.225,,
1739891968933,,,0.205,
1739891969922,0.0,,,,
1739891969928,0.201666666,0.203333333,,
1739891969933,,,0.213333333,
1739891970922,0.0,,,,
1739891970928,0.206666666,,,
1739891970929,,0.193333333,,
1739891970933,,,0.223333333,
1739891971922,0.003333333,,,,
1739891971928,0.203333333,0.193333333,,
1739891971933,,,0.211666666,
1739891972922,0.0,,,,
1739891972928,0.198333333,,,
1739891972929,,0.206666666,,
1739891972933,,,0.218333333,
1739891973922,0.0,,,,
1739891973928,0.216666666,0.2,,
1739891973933,,,0.218333333,
1739891974922,0.0,,,,
1739891974928,0.21,,,
1739891974929,,0.203333333,,
1739891974933,,,0.2,
1739891975922,0.0,,,,
1739891975928,0.205,0.2,,
1739891975933,,,0.201666666,
1739891976922,0.0,,,,
1739891976928,0.205,0.223333333,,
1739891976933,,,0.198333333,
1739891977922,0.0,,,,
1739891977928,0.193333333,,,
1739891977929,,0.21,,
1739891977933,,,0.203333333,
1739891978922,0.001666666,,,,
1739891978928,0.21,0.2,,
1739891978934,,,0.21645021578421578,
1739891979922,0.0,,,,
1739891979928,0.188333333,0.208333333,,
1739891979933,,,0.21521521521521522,
1739891980922,0.0,,,,
1739891980928,0.21,0.195,,
1739891980933,,,0.211666666,
1739891981922,0.001666666,,,,
1739891981928,0.208333333,0.191666666,,
1739891981934,,,0.1998001998001998,
1739891982922,0.0,,,,
1739891982928,0.203333333,0.205,,
1739891982934,,,0.198333333,
1739891983922,0.0,,,,
1739891983928,0.195,,,
1739891983929,,0.211666666,,
1739891983933,,,0.2185518848848849,
1739891984922,0.001666666,,,,
1739891984928,0.203333333,,,
1739891984929,,0.221666666,,
1739891984934,,,0.1964701958041958,
1739891985922,0.0,,,,
1739891985928,0.2,,,
1739891985929,,0.21,,
1739891985936,,,0.20958083832335328,
1739891986922,0.0,,,,
1739891986928,0.208333333,0.195,,
1739891986933,,,0.21209084769539077,
1739891987922,0.0,,,,
1739891987928,0.216666666,0.206666666,,
1739891987933,,,0.21187854454454455,
1739891988922,0.0,,,,
1739891988928,0.198333333,0.198333333,,
1739891988933,,,0.205,
1739891989922,0.0,,,,
1739891989928,0.22,0.19,,
1739891989933,,,0.201666666,
1739891990922,0.0,,,,
1739891990928,0.201666666,,,
1739891990929,,0.2097902097902098,,
1739891990933,,,0.2,
1739891991922,0.001665000999000999,,,,
1739891991928,0.211666666,,,
1739891991929,,0.2185518848848849,,
1739891991933,,,0.2,
1739891992922,0.0,,,,
1739891992928,0.206666666,,,
1739891992929,,0.208333333,,
1739891992933,,,0.203333333,
1739891993922,0.0,,,,
1739891993928,0.215,,,
1739891993929,,0.198333333,,
1739891993934,,,0.21145521078921078,
1739891994922,0.0,,,,
1739891994928,0.203333333,,,
1739891994929,,0.201666666,,
1739891994933,,,0.20854187487487488,
1739891995922,0.0,,,,
1739891995928,0.201666666,0.193333333,,
1739891995933,,,0.2131202127872128,
1739891996922,0.0016683343343343344,,,,
1739891996928,0.205,0.205,,
1739891996933,,,0.2135468798798799,
1739891997922,0.001666666,,,,
1739891997928,0.205,0.201666666,,
1739891997933,,,0.213333333,
1739891998922,0.0,,,,
1739891998928,0.2,0.198333333,,
1739891998933,,,0.203333333,
1739891999922,0.0,,,,
1739891999928,0.211666666,0.195,,
1739891999933,,,0.216666666,
1739892000922,0.0,,,,
1739892000928,0.198333333,0.213333333,,
1739892000933,,,0.198333333,
1739892001922,0.0,,,,
1739892001928,0.205,0.2,,
1739892001934,,,0.1964701958041958,
1739892002922,0.003330002997002997,,,,
1739892002928,0.205,0.2,,
1739892002933,,,0.21688354954954955,
1739892003922,0.0,,,,
1739892003927,0.193333333,,,
1739892003928,,0.193333333,,
1739892003933,,,0.23,
1739892004922,0.0,,,,
1739892004928,0.205,0.193333333,,
1739892004933,,,0.205,
1739892005922,0.0,,,,
1739892005928,0.213333333,0.191666666,,
1739892005934,,,0.2047952047952048,
1739892006922,0.0,,,,
1739892006927,0.195,,,
1739892006928,,0.21,,
1739892006933,,,0.2002002002002002,
1739892007922,0.0,,,,
1739892007928,0.196666666,0.2,,
1739892007933,,,0.198333333,
1739892008922,0.001666666,,,,
1739892008928,0.211666666,0.205,,
1739892008933,,,0.21,
1739892009922,0.0,,,,
1739892009928,0.203333333,0.198333333,,
1739892009933,,,0.203333333,
1739892010922,0.0,,,,
1739892010927,0.196666666,,,
1739892010928,,0.215,,
1739892010933,,,0.206666666,
1739892011922,0.0,,,,
1739892011927,0.208333333,,,
1739892011929,,0.193333333,,
1739892011933,,,0.218333333,
1739892012922,0.0,,,,
1739892012928,0.198333333,,,
1739892012929,,0.203333333,,
1739892012934,,,0.1998001998001998,
1739892013922,0.001666666,,,,
1739892013928,0.228333333,0.2,,
1739892013934,,,0.198333333,
1739892014922,0.0,,,,
1739892014928,0.198333333,0.195,,
1739892014933,,,0.20520520520520522,
1739892015922,0.0,,,,
1739892015927,0.211666666,,,
1739892015928,,0.186666666,,
1739892015933,,,0.218333333,
1739892016922,0.0,,,,
1739892016927,0.206666666,,,
1739892016928,,0.221666666,,
1739892016933,,,0.191666666,
1739892017922,0.0,,,,
1739892017927,0.196666666,,,
1739892017928,,0.195,,
1739892017933,,,0.208333333,
1739892018922,0.001666666,,,,
1739892018927,0.198333333,,,
1739892018928,,0.201666666,,
1739892018933,,,0.206666666,
1739892019922,0.001666666,,,,
1739892019927,0.205,,,
1739892019928,,0.196666666,,
1739892019933,,,0.221666666,
1739892020922,0.0,,,,
1739892020928,0.211666666,0.2,,
1739892020933,,,0.218333333,
1739892021922,0.0,,,,
1739892021927,0.218333333,,,
1739892021928,,0.211666666,,
1739892021933,,,0.198333333,
1739892022922,0.0,,,,
1739892022928,0.196666666,0.205,,
1739892022933,,,0.201666666,
1739892023922,0.001666666,,,,
1739892023927,0.21,,,
1739892023928,,0.208333333,,
1739892023933,,,0.221666666,
1739892024922,0.0,,,,
1739892024928,0.203333333,0.206666666,,
1739892024933,,,0.203333333,
1739892025922,0.0,,,,
1739892025928,0.201666666,0.196666666,,
1739892025933,,,0.2014652007992008,
1739892026922,0.0,,,,
1739892026928,0.19,0.196666666,,
1739892026933,,,0.21021021021021022,
1739892027922,0.0,,,,
1739892027927,0.203333333,,,
1739892027929,,0.1848151848151848,,
1739892027933,,,0.21645021578421578,
1739892028922,0.001666666,,,,
1739892028928,0.183333333,0.2002002002002002,,
1739892028933,,,0.21688354954954955,
1739892029922,0.0,,,,
1739892029928,0.211666666,0.206666666,,
1739892029933,,,0.195,
1739892030922,0.0,,,,
1739892030928,0.196666666,0.198333333,,
1739892030933,,,0.206666666,
1739892031922,0.0,,,,
1739892031928,0.193333333,0.198333333,,
1739892031933,,,0.213333333,
1739892032922,0.0,,,,
1739892032928,0.198333333,,,
1739892032929,,0.231666666,,
1739892032933,,,0.196666666,
1739892033922,0.0,,,,
1739892033928,0.203333333,,,
1739892033929,,0.193333333,,
1739892033933,,,0.21,
1739892034922,0.0,,,,
1739892034927,0.201666666,,,
1739892034928,,0.195,,
1739892034933,,,0.218333333,
1739892035922,0.001666666,,,,
1739892035927,0.208333333,,,
1739892035928,,0.193333333,,
1739892035933,,,0.203333333,
1739892036922,0.0,,,,
1739892036927,0.201666666,,,
1739892036928,,0.206666666,,
1739892036933,,,0.208333333,
1739892037922,0.001666666,,,,
1739892037927,0.213333333,,,
1739892037928,,0.195,,
1739892037933,,,0.193333333,
1739892038922,0.0,,,,
1739892038928,0.2,0.215,,
1739892038933,,,0.218333333,
1739892039922,0.0,,,,
1739892039927,0.2,,,
1739892039928,,0.213333333,,
1739892039933,,,0.203333333,
1739892040922,0.0,,,,
1739892040927,0.206666666,,,
1739892040928,,0.201666666,,
1739892040933,,,0.21,
1739892041922,0.0,,,,
1739892041927,0.206666666,,,
1739892041928,,0.211666666,,
1739892041933,,,0.201666666,
1739892042922,0.001666666,,,,
1739892042928,0.208333333,0.181666666,,
1739892042933,,,0.2,
1739892043922,0.0,,,,
1739892043928,0.216666666,0.216666666,,
1739892043934,,,0.23809523776223776,
1739892044922,0.0,,,,
1739892044928,0.215,0.201666666,,
1739892044934,,,0.213333333,
1739892045922,0.0,,,,
1739892045928,0.225,0.213333333,,
1739892045933,,,0.18518518518518517,
1739892046922,0.0,,,,
1739892046928,0.203333333,0.201666666,,
1739892046933,,,0.198333333,
1739892047922,0.0,,,,
1739892047928,0.21,0.198333333,,
1739892047933,,,0.216666666,
1739892048922,0.001666666,,,,
1739892048927,0.203333333,,,
1739892048928,,0.21,,
1739892048933,,,0.205,
1739892049922,0.0,,,,
1739892049927,0.205,,,
1739892049928,,0.215,,
1739892049933,,,0.208333333,
1739892050922,0.003333333,,,,
1739892050928,0.205,0.206666666,,
1739892050933,,,0.208333333,
1739892051922,0.001666666,,,,
1739892051927,0.191666666,,,
1739892051928,,0.208333333,,
1739892051933,,,0.218333333,
1739892052922,0.001666666,,,,
1739892052928,0.193333333,0.208333333,,
1739892052933,,,0.218333333,
1739892053922,0.0,,,,
1739892053927,0.208333333,,,
1739892053928,,0.201666666,,
1739892053933,,,0.203333333,
1739892054922,0.0,,,,
1739892054928,0.208333333,0.196666666,,
1739892054933,,,0.211666666,
1739892055922,0.0,,,,
1739892055927,0.198333333,,,
1739892055928,,0.21,,
1739892055933,,,0.208333333,
1739892056922,0.0,,,,
1739892056928,0.211666666,0.21,,
1739892056933,,,0.193333333,
1739892057922,0.0,,,,
1739892057928,0.201666666,0.203333333,,
1739892057933,,,0.206666666,
1739892058922,0.001666666,,,,
1739892058928,0.21,0.208333333,,
1739892058933,,,0.2,
1739892059922,0.0,,,,
1739892059927,0.211666666,,,
1739892059928,,0.195,,
1739892059933,,,0.201666666,
1739892060922,0.001666666,,,,
1739892060928,0.201666666,0.201666666,,
1739892060933,,,0.215,
1739892061922,0.0,,,,
1739892061928,0.206666666,0.206666666,,
1739892061933,,,0.215,
1739892062922,0.0,,,,
1739892062927,0.201666666,,,
1739892062928,,0.191666666,,
1739892062933,,,0.205,
1739892063922,0.0,,,,
1739892063928,0.211666666,0.191666666,,
1739892063933,,,0.1931401928071928,
1739892064922,0.001666666,,,,
1739892064928,0.198333333,0.213333333,,
1739892064933,,,0.19686352952952954,
1739892065922,0.0,,,,
1739892065928,0.206666666,0.205,,
1739892065933,,,0.195,
1739892066922,0.0,,,,
1739892066928,0.22,0.216666666,,
1739892066933,,,0.208333333,
1739892067922,0.0,,,,
1739892067927,0.201666666,,,
1739892067928,,0.203333333,,
1739892067933,,,0.203333333,
1739892068922,0.003333333,,,,
1739892068928,0.193333333,0.205,,
1739892068933,,,0.213333333,
1739892069922,0.0,,,,
1739892069927,0.211666666,,,
1739892069928,,0.191666666,,
1739892069933,,,0.2,
1739892070922,0.0,,,,
1739892070927,0.198333333,,,
1739892070928,,0.195,,
1739892070933,,,0.216666666,
1739892071922,0.0,,,,
1739892071928,0.208333333,0.196666666,,
1739892071933,,,0.201666666,
1739892072922,0.0,,,,
1739892072927,0.205,,,
1739892072928,,0.21,,
1739892072933,,,0.201666666,
1739892073922,0.0,,,,
1739892073927,0.198333333,,,
1739892073929,,0.215,,
1739892073933,,,0.211666666,
1739892074922,0.001666666,,,,
1739892074927,0.198333333,,,
1739892074928,,0.2,,
1739892074933,,,0.2,
1739892075922,0.0,,,,
1739892075928,0.2,0.201666666,,
1739892075933,,,0.2,
1739892076923,0.0,,,,
1739892076929,,0.20313020279720279,,
1739892076934,,,0.2131202127872128,
1739892076939,0.22562582312252966,,,
1739892077922,0.0,,,,
1739892077928,0.20411605870445343,0.21021021021021022,,
1739892077933,,,0.19853186486486488,
1739892078922,0.0,,,,
1739892078928,0.203333333,0.201666666,,
1739892078933,,,0.21,
1739892079922,0.0,,,,
1739892079928,0.206666666,0.201666666,,
1739892079933,,,0.201666666,
1739892080922,0.001666666,,,,
1739892080927,0.208333333,,,
1739892080928,,0.198333333,,
1739892080933,,,0.215,
1739892081922,0.0,,,,
1739892081928,0.21,,,
1739892081929,,0.205,,
1739892081933,,,0.203333333,
1739892082922,0.001665000999000999,,,,
1739892082928,0.196666666,0.201666666,,
1739892082933,,,0.21,
1739892083922,0.0,,,,
1739892083927,0.206666666,,,
1739892083928,,0.201666666,,
1739892083933,,,0.205,
1739892084922,0.0,,,,
1739892084928,0.211666666,0.193333333,,
1739892084933,,,0.213333333,
1739892085922,0.0,,,,
1739892085928,0.198333333,0.205,,
1739892085933,,,0.2,
1739892086922,0.001665000999000999,,,,
1739892086928,0.205,0.198333333,,
1739892086933,,,0.208333333,
1739892087922,0.0,,,,
1739892087927,0.208333333,,,
1739892087928,,0.205,,
1739892087933,,,0.206666666,
1739892088922,0.0,,,,
1739892088927,0.205,,,
1739892088928,,0.21,,
1739892088933,,,0.216666666,
1739892089922,0.001666666,,,,
1739892089927,0.183333333,,,
1739892089928,,0.218333333,,
1739892089934,,,0.2097902097902098,
1739892090922,0.0,,,,
1739892090927,0.198333333,,,
1739892090928,,0.218333333,,
1739892090933,,,0.208333333,
1739892091922,0.001666666,,,,
1739892091928,0.211666666,0.215,,
1739892091933,,,0.203333333,
1739892092922,0.0,,,,
1739892092927,0.21,,,
1739892092928,,0.213333333,,
1739892092933,,,0.20854187487487488,
1739892093922,0.0,,,,
1739892093928,0.206666666,0.203333333,,
1739892093933,,,0.198333333,
1739892094922,0.0,,,,
1739892094927,0.201666666,,,
1739892094928,,0.191666666,,
1739892094933,,,0.2,
1739892095922,0.0,,,,
1739892095928,0.218333333,0.208333333,,
1739892095933,,,0.198333333,
1739892096922,0.0,,,,
1739892096927,0.193333333,,,
1739892096928,,0.208333333,,
1739892096933,,,0.213333333,
1739892097922,0.003333333,,,,
1739892097927,0.208333333,,,
1739892097928,,0.21,,
1739892097933,,,0.206666666,
1739892098922,0.0,,,,
1739892098927,0.215,,,
1739892098928,,0.196666666,,
1739892098933,,,0.205,
1739892099922,0.0,,,,
1739892099927,0.203333333,,,
1739892099928,,0.178333333,,
1739892099933,,,0.221666666,
1739892100922,0.0,,,,
1739892100927,0.218333333,,,
1739892100928,,0.188333333,,
1739892100933,,,0.191666666,
1739892101922,0.0,,,,
1739892101928,0.195,0.205,,
1739892101933,,,0.201666666,
1739892102922,0.0,,,,
1739892102928,0.205,0.2,,
1739892102933,,,0.196666666,
1739892103922,0.0,,,,
1739892103927,0.206666666,,,
1739892103928,,0.2,,
1739892103933,,,0.226666666,
1739892104922,0.0,,,,
1739892104928,0.196666666,0.213333333,,
1739892104933,,,0.208333333,
1739892105922,0.001666666,,,,
1739892105927,0.206666666,,,
1739892105928,,0.208333333,,
1739892105933,,,0.203333333,
1739892106922,0.0,,,,
1739892106928,0.19,,,
1739892106929,,0.201666666,,
1739892106936,,,0.21601861016949153,
1739892107922,0.005005005005005005,,,,
1739892107928,0.216666666,,,
1739892107929,,0.198333333,,
1739892107933,,,0.20394516850551656,
1739892108922,0.001666666,,,,
1739892108927,0.208333333,,,
1739892108928,,0.205,,
1739892108933,,,0.201666666,
1739892109922,0.0,,,,
1739892109928,0.191666666,0.205,,
1739892109933,,,0.213333333,
1739892110922,0.0016683343343343344,,,,
1739892110927,0.22,,,
1739892110928,,0.198333333,,
1739892110933,,,0.206666666,
1739892111922,0.001666666,,,,
1739892111928,0.21,0.205,,
1739892111934,,,0.2064602057942058,
1739892112922,0.0,,,,
1739892112927,0.2,,,
1739892112928,,0.25,,
1739892112933,,,0.19019019019019018,
1739892113922,0.0,,,,
1739892113927,0.205,,,
1739892113928,,0.208333333,,
1739892113933,,,0.206666666,
1739892114922,0.0,,,,
1739892114927,0.195,,,
1739892114928,,0.2,,
1739892114933,,,0.213333333,
1739892115922,0.0,,,,
1739892115928,0.206666666,0.196666666,,
1739892115933,,,0.205,
1739892116922,0.0,,,,
1739892116928,0.196666666,0.201666666,,
1739892116933,,,0.191666666,
1739892117922,0.0,,,,
1739892117928,0.208333333,0.21,,
1739892117933,,,0.2,
1739892118922,0.001666666,,,,
1739892118928,0.203333333,0.201666666,,
1739892118933,,,0.208333333,
1739892119922,0.0,,,,
1739892119928,0.206666666,0.213333333,,
1739892119933,,,0.21,
1739892120922,0.0,,,,
1739892120927,0.198333333,,,
1739892120928,,0.208333333,,
1739892120933,,,0.198333333,
1739892121922,0.0,,,,
1739892121928,0.201666666,0.203333333,,
1739892121933,,,0.223333333,
1739892122922,0.0,,,,
1739892122928,0.213333333,0.191666666,,
1739892122933,,,0.206666666,
1739892123922,0.0,,,,
1739892123927,0.195,,,
1739892123928,,0.211666666,,
1739892123933,,,0.208333333,
1739892124922,0.0,,,,
1739892124928,0.211666666,0.198333333,,
1739892124933,,,0.2047952047952048,
1739892125922,0.001666666,,,,
1739892125928,0.206666666,0.203333333,,
1739892125934,,,0.201666666,
1739892126922,0.001666666,,,,
1739892126927,0.201666666,,,
1739892126928,,0.216666666,,
1739892126933,,,0.22,
1739892127922,0.0,,,,
1739892127928,0.21,,,
1739892127929,,0.215,,
1739892127933,,,0.19019019019019018,
1739892128922,0.0,,,,
1739892128928,0.198333333,,,
1739892128929,,0.198333333,,
1739892128933,,,0.208333333,
1739892129922,0.0,,,,
1739892129927,0.198333333,,,
1739892129928,,0.18,,
1739892129933,,,0.208333333,
1739892130922,0.001666666,,,,
1739892130928,0.196666666,0.2,,
1739892130933,,,0.203333333,
1739892131922,0.0,,,,
1739892131927,0.2,,,
1739892131928,,0.201666666,,
1739892131933,,,0.203333333,
1739892132922,0.0,,,,
1739892132928,0.208333333,0.198333333,,
1739892132933,,,0.203333333,
1739892133922,0.0,,,,
1739892133927,0.193333333,,,
1739892133928,,0.201666666,,
1739892133933,,,0.215,
1739892134922,0.0,,,,
1739892134928,0.208333333,0.203333333,,
1739892134933,,,0.205,
1739892135922,0.0,,,,
1739892135928,0.206666666,0.215,,
1739892135933,,,0.191666666,
1739892136922,0.0,,,,
1739892136928,0.206666666,0.198333333,,
1739892136933,,,0.215,
1739892137922,0.0,,,,
1739892137928,0.211666666,0.213333333,,
1739892137933,,,0.186666666,
1739892138922,0.001666666,,,,
1739892138927,0.215,,,
1739892138928,,0.201666666,,
1739892138933,,,0.198333333,
1739892139922,0.0,,,,
1739892139928,0.221666666,0.198333333,,
1739892139933,,,0.193333333,
1739892140922,0.0,,,,
1739892140927,0.19,,,
1739892140928,,0.216666666,,
1739892140933,,,0.213333333,
1739892141922,0.0,,,,
1739892141927,0.21,,,
1739892141928,,0.193333333,,
1739892141933,,,0.208333333,
1739892142922,0.0,,,,
1739892142927,0.19,,,
1739892142928,,0.216666666,,
1739892142933,,,0.201666666,
1739892143922,0.001666666,,,,
1739892143928,0.223333333,0.19,,
1739892143933,,,0.205,
1739892144922,0.0,,,,
1739892144928,0.185,0.203333333,,
1739892144933,,,0.218333333,
1739892145922,0.001666666,,,,
1739892145927,0.198333333,,,
1739892145928,,0.196666666,,
1739892145933,,,0.213333333,
1739892146922,0.0,,,,
1739892146928,0.2,0.205,,
1739892146933,,,0.203333333,
1739892147922,0.0,,,,
1739892147928,0.198333333,0.206666666,,
1739892147933,,,0.196666666,
1739892148922,0.0,,,,
1739892148928,0.19,0.203333333,,
1739892148933,,,0.213333333,
1739892149922,0.001666666,,,,
1739892149928,0.198333333,,,
1739892149929,,0.213333333,,
1739892149933,,,0.191666666,
1739892150922,0.0,,,,
1739892150928,0.211666666,0.191666666,,
1739892150933,,,0.221666666,
1739892151922,0.0,,,,
1739892151927,0.198333333,,,
1739892151928,,0.191666666,,
1739892151933,,,0.203333333,
1739892152922,0.0,,,,
1739892152927,0.195,,,
1739892152928,,0.196666666,,
1739892152933,,,0.195,
1739892153922,0.0,,,,
1739892153928,0.196666666,0.195,,
1739892153933,,,0.206666666,
1739892154922,0.0,,,,
1739892154927,0.211666666,,,
1739892154928,,0.186666666,,
1739892154933,,,0.211666666,
1739892155922,0.0,,,,
1739892155928,0.198333333,0.201666666,,
1739892155933,,,0.22,
1739892156922,0.001666666,,,,
1739892156928,0.211666666,0.191666666,,
1739892156933,,,0.201666666,
1739892157922,0.0,,,,
1739892157928,0.195,,,
1739892157929,,0.191666666,,
1739892157933,,,0.225,
1739892158922,0.0,,,,
1739892158927,0.213333333,,,
1739892158928,,0.203333333,,
1739892158933,,,0.193333333,
1739892159922,0.0,,,,
1739892159927,0.201666666,,,
1739892159928,,0.191666666,,
1739892159933,,,0.208333333,
1739892160922,0.0,,,,
1739892160927,0.201666666,,,
1739892160928,,0.206666666,,
1739892160933,,,0.193333333,
1739892161922,0.001665000999000999,,,,
1739892161928,0.218333333,0.201666666,,
1739892161933,,,0.198333333,
1739892162922,0.0016683343343343344,,,,
1739892162928,0.196666666,0.215,,
1739892162933,,,0.206666666,
1739892163922,0.0,,,,
1739892163927,0.206666666,,,
1739892163928,,0.201666666,,
1739892163933,,,0.2,
1739892164922,0.0,,,,
1739892164928,0.19,0.198333333,,
1739892164936,,,0.2143569292123629,
1739892165922,0.0,,,,
1739892165927,0.221666666,,,
1739892165928,,0.205,,
1739892165933,,,0.19893012337011032,
1739892166922,0.0,,,,
1739892166927,0.2,,,
1739892166928,,0.221666666,,
1739892166933,,,0.2,
1739892167922,0.001666666,,,,
1739892167927,0.205,,,
1739892167928,,0.208333333,,
1739892167933,,,0.2,
1739892168922,0.0,,,,
1739892168927,0.196666666,,,
1739892168928,,0.21,,
1739892168933,,,0.208333333,
1739892169922,0.0,,,,
1739892169927,0.193333333,,,
1739892169928,,0.21,,
1739892169933,,,0.211666666,
1739892170922,0.0,,,,
1739892170927,0.21,,,
1739892170928,,0.2,,
1739892170933,,,0.208333333,
1739892171922,0.0,,,,
1739892171928,0.176666666,0.201666666,,
1739892171933,,,0.21,
1739892172922,0.001666666,,,,
1739892172928,0.206666666,0.195,,
1739892172933,,,0.191666666,
1739892173922,0.0,,,,
1739892173927,0.195,,,
1739892173928,,0.201666666,,
1739892173933,,,0.196666666,
1739892174922,0.0,,,,
1739892174928,0.196666666,0.196666666,,
1739892174933,,,0.208333333,
1739892175922,0.0,,,,
1739892175928,0.203333333,0.2,,
1739892175933,,,0.21145521078921078,
1739892176922,0.001665000999000999,,,,
1739892176929,,0.19480519480519481,,
1739892176933,,,0.20520520520520522,
1739892176934,0.20709078827037775,,,
1739892177922,0.0,,,,
1739892177928,0.19450033501006037,0.20520520520520522,,
1739892177933,,,0.216666666,
1739892178922,0.0,,,,
1739892178928,0.215,0.193333333,,
1739892178933,,,0.206666666,
1739892179922,0.0,,,,
1739892179927,0.211666666,,,
1739892179928,,0.201666666,,
1739892179933,,,0.218333333,
1739892180922,0.0,,,,
1739892180927,0.198333333,,,
1739892180928,,0.213333333,,
1739892180933,,,0.211666666,
1739892181922,0.0,,,,
1739892181928,0.2,0.2,,
1739892181933,,,0.208333333,
1739892182922,0.003333333,,,,
1739892182928,0.221666666,0.193333333,,
1739892182933,,,0.206666666,
1739892183922,0.0,,,,
1739892183928,0.22,0.205,,
1739892183933,,,0.195,
1739892184922,0.0,,,,
1739892184927,0.193333333,,,
1739892184928,,0.213333333,,
1739892184933,,,0.208333333,
1739892185922,0.0,,,,
1739892185927,0.213333333,,,
1739892185928,,0.22,,
1739892185933,,,0.206666666,
1739892186922,0.0,,,,
1739892186927,0.218333333,,,
1739892186928,,0.201666666,,
1739892186933,,,0.21,
1739892187922,0.0,,,,
1739892187927,0.2,,,
1739892187928,,0.201666666,,
1739892187933,,,0.193333333,
1739892188922,0.001666666,,,,
1739892188927,0.195,,,
1739892188928,,0.208333333,,
1739892188933,,,0.21,
1739892189922,0.0,,,,
1739892189928,0.196666666,0.213333333,,
1739892189933,,,0.211666666,
1739892190922,0.0,,,,
1739892190927,0.213333333,,,
1739892190928,,0.188333333,,
1739892190933,,,0.216666666,
1739892191922,0.0,,,,
1739892191928,0.201666666,0.205,,
1739892191933,,,0.191666666,
1739892192922,0.001666666,,,,
1739892192927,0.203333333,,,
1739892192928,,0.2,,
1739892192933,,,0.21,
1739892193922,0.001665000999000999,,,,
1739892193927,0.206666666,,,
1739892193928,,0.203333333,,
1739892193933,,,0.196666666,
1739892194922,0.0,,,,
1739892194927,0.208333333,,,
1739892194928,,0.205,,
1739892194933,,,0.215,
1739892195922,0.0,,,,
1739892195927,0.211666666,,,
1739892195928,,0.198333333,,
1739892195933,,,0.21,
1739892196922,0.0,,,,
1739892196927,0.21,,,
1739892196928,,0.2,,
1739892196933,,,0.206666666,
1739892197922,0.0,,,,
1739892197928,0.195,0.203333333,,
1739892197933,,,0.225,
1739892198922,0.0,,,,
1739892198928,0.188333333,0.22,,
1739892198934,,,0.2081252077922078,
1739892199922,0.0,,,,
1739892199928,0.191666666,0.203333333,,
1739892199934,,,0.203333333,
1739892200922,0.001666666,,,,
1739892200928,0.196666666,0.213333333,,
1739892200933,,,0.201666666,
1739892201922,0.0,,,,
1739892201928,0.208333333,0.203333333,,
1739892201934,,,0.211666666,
1739892202922,0.0,,,,
1739892202928,0.215,0.191666666,,
1739892202933,,,0.203333333,
1739892203922,0.0,,,,
1739892203928,0.206666666,0.203333333,,
1739892203934,,,0.213333333,
1739892204922,0.0,,,,
1739892204927,0.206666666,,,
1739892204928,,0.21,,
1739892204933,,,0.20353686986986988,
1739892205922,0.0,,,,
1739892205927,0.211666666,,,
1739892205928,,0.185,,
1739892205933,,,0.213333333,
1739892206922,0.001666666,,,,
1739892206928,0.216666666,0.205,,
1739892206933,,,0.19,
1739892207922,0.0,,,,
1739892207927,0.206666666,,,
1739892207928,,0.205,,
1739892207933,,,0.221666666,
1739892208922,0.0,,,,
1739892208928,0.195,0.205,,
1739892208933,,,0.2,
1739892209922,0.0,,,,
1739892209927,0.193333333,,,
1739892209929,,0.196666666,,
1739892209933,,,0.216666666,
1739892210922,0.0,,,,
1739892210927,0.206666666,,,
1739892210928,,0.211666666,,
1739892210933,,,0.211666666,
1739892211922,0.001666666,,,,
1739892211928,0.21,,,
1739892211929,,0.205,,
1739892211933,,,0.215,
1739892212922,0.0,,,,
1739892212928,0.22,0.191666666,,
1739892212933,,,0.21478521478521478,
1739892213922,0.0,,,,
1739892213927,0.198333333,,,
1739892213929,,0.201666666,,
1739892213933,,,0.22022022022022023,
1739892214922,0.001666666,,,,
1739892214928,0.228333333,0.196666666,,
1739892214933,,,0.203333333,
1739892215922,0.0,,,,
1739892215928,0.198333333,0.195,,
1739892215933,,,0.23143523076923078,
1739892216922,0.001666666,,,,
1739892216928,0.205,0.193333333,,
1739892216933,,,0.20353686986986988,
1739892217922,0.0,,,,
1739892217927,0.218333333,,,
1739892217928,,0.205,,
1739892217933,,,0.203333333,
1739892218922,0.001666666,,,,
1739892218927,0.205,,,
1739892218928,,0.218333333,,
1739892218933,,,0.193333333,
1739892219922,0.0,,,,
1739892219928,0.211666666,0.203333333,,
1739892219933,,,0.215,
1739892220922,0.001666666,,,,
1739892220928,0.206666666,0.203333333,,
1739892220933,,,0.19,
1739892221922,0.0,,,,
1739892221927,0.213333333,,,
1739892221928,,0.211666666,,
1739892221933,,,0.216666666,
1739892222922,0.0,,,,
1739892222928,0.21,0.206666666,,
1739892222933,,,0.201666666,
1739892223922,0.0,,,,
1739892223928,0.208333333,0.208333333,,
1739892223933,,,0.1998001998001998,
1739892224922,0.0,,,,
1739892224928,0.201666666,0.211666666,,
1739892224933,,,0.19519519519519518,
1739892225922,0.0,,,,
1739892225928,0.215,0.19,,
1739892225933,,,0.203333333,
1739892226922,0.001666666,,,,
1739892226927,0.206666666,,,
1739892226928,,0.195,,
1739892226933,,,0.201666666,
1739892227922,0.0,,,,
1739892227927,0.221666666,,,
1739892227928,,0.185,,
1739892227933,,,0.196666666,
1739892228922,0.0,,,,
1739892228927,0.228333333,,,
1739892228928,,0.196666666,,
1739892228933,,,0.188333333,
1739892229922,0.0,,,,
1739892229929,0.20292747804391217,,,
1739892229930,,0.19461077844311378,,
1739892229944,,,0.21595779723046488,
1739892230922,0.0,,,,
1739892230927,0.20207080761523047,,,
1739892230928,,0.21042084168336672,,
1739892230933,,,0.20390967239635996,
1739892231922,0.001666666,,,,
1739892231927,0.205,,,
1739892231928,,0.203333333,,
1739892231933,,,0.196666666,
1739892232922,0.001665000999000999,,,,
1739892232928,0.193333333,0.21,,
1739892232933,,,0.205,
1739892233922,0.0,,,,
1739892233928,0.2,0.201666666,,
1739892233933,,,0.211666666,
1739892234922,0.0,,,,
1739892234928,0.201666666,0.213333333,,
1739892234933,,,0.211666666,
1739892235922,0.0,,,,
1739892235928,0.203333333,0.208333333,,
1739892235933,,,0.208333333,
1739892236922,0.0,,,,
1739892236928,0.211666666,,,
1739892236929,,0.205,,
1739892236933,,,0.2,
1739892237923,0.001665000999000999,,,,
1739892237928,0.203333333,0.183333333,,
1739892237933,,,0.221666666,
1739892238922,0.0,,,,
1739892238927,0.206666666,,,
1739892238928,,0.201666666,,
1739892238933,,,0.215,
1739892239922,0.0,,,,
1739892239928,0.218333333,0.21,,
1739892239933,,,0.2,
1739892240922,0.0,,,,
1739892240927,0.195,,,
1739892240928,,0.2,,
1739892240933,,,0.196666666,
1739892241922,0.0,,,,
1739892241928,0.208333333,0.216666666,,
1739892241933,,,0.201666666,
1739892242922,0.001666666,,,,
1739892242928,0.206666666,,,
1739892242929,,0.23310023276723277,,
1739892242933,,,0.186666666,
1739892243922,0.0,,,,
1739892243928,0.196666666,0.20353686986986988,,
1739892243933,,,0.201666666,
1739892244922,0.0,,,,
1739892244928,0.205,0.205,,
1739892244933,,,0.206666666,
1739892245922,0.0,,,,
1739892245928,0.198333333,0.216666666,,
1739892245933,,,0.208333333,
1739892246922,0.0,,,,
1739892246928,0.186666666,0.2,,
1739892246933,,,0.216666666,
1739892247922,0.001666666,,,,
1739892247928,0.203333333,0.203333333,,
1739892247933,,,0.213333333,
1739892248922,0.001666666,,,,
1739892248927,0.201666666,,,
1739892248928,,0.215,,
1739892248933,,,0.198333333,
1739892249922,0.0,,,,
1739892249928,0.21,0.198333333,,
1739892249933,,,0.196666666,
1739892250922,0.013333333,,,,
1739892250928,0.195,,,
1739892250929,,0.22,,
1739892250933,,,0.196666666,
1739892251922,0.0,,,,
1739892251928,0.186666666,0.198333333,,
1739892251933,,,0.201666666,
1739892252922,0.0,,,,
1739892252927,0.218333333,,,
1739892252928,,0.196666666,,
1739892252933,,,0.208333333,
1739892253922,0.001666666,,,,
1739892253927,0.196666666,,,
1739892253928,,0.21,,
1739892253933,,,0.205,
1739892254922,0.0,,,,
1739892254927,0.211666666,,,
1739892254928,,0.22,,
1739892254933,,,0.21145521078921078,
1739892255922,0.038333333,,,,
1739892255928,0.21,0.206666666,,
1739892255933,,,0.22522522522522523,
1739892256005,0,0,0,
1739892256007,0,