Timestamp,Slave 0,Slave 1,Slave 2,
1707681208851,0,,,,
1707681208858,,0,,
1707681208859,,,0,
1707681208863,,0.1268833301139656,,
1707681208864,0.019927865672546525,0,,,
1707681208865,,,0.1355785004342372,
1707681208874,0.13317510548523206,,,
1707681209852,0.03289473684210526,,,,
1707681209859,,0.3410230692076229,,
1707681209860,,,0.2791750503018109,
1707681209865,0.29389505549949546,,,
1707681210852,0.00125,,,,
1707681210859,,0.32,0.32875,
1707681210865,0.32,,,
1707681211852,0.00125,,,,
1707681211859,,0.29625,,
1707681211860,,,0.34,
1707681211865,0.3375,,,
1707681212852,0.0,,,,
1707681212859,,0.31406406406406406,0.3225,
1707681212865,0.3390890890890891,,,
1707681213853,0.00125,,,,
1707681213859,,0.22977022977022976,,
1707681213860,,,0.36375,
1707681213865,0.37337662337662336,,,
1707681214852,0.0,,,,
1707681214859,,0.235,0.37375,
1707681214865,0.2502502502502503,,,
1707681215852,0.0025,,,,
1707681215859,,0.2777777777777778,0.26375,
1707681215865,0.2775,,,
1707681216852,0.00375,,,,
1707681216859,,0.38875,0.25875,
1707681216865,0.295,,,
1707681217852,0.00125,,,,
1707681217859,,0.37375,,
1707681217862,,,0.3093812375249501,
1707681217865,0.2875,,,
1707681218852,0.00125,,,,
1707681218859,,0.3275,0.2154308617234469,
1707681218865,0.32375,,,
1707681219852,0.0,,,,
1707681219858,,0.25875,,
1707681219859,,,0.25375,
1707681219865,0.32375,,,
1707681220852,0.00125,,,,
1707681220859,,0.2475,,
1707681220864,,,0.2947761194029851,
1707681220865,0.25625,,,
1707681221852,0.00125,,,,
1707681221858,,0.27125,,
1707681221859,,,0.2550251256281407,
1707681221865,0.26625,,,
1707681222852,0.0,,,,
1707681222859,,0.2725,0.23375,
1707681222865,0.29125,,,
1707681223852,0.00125,,,,
1707681223859,,0.2597402597402597,,
1707681223860,,,0.2725,
1707681223865,0.260989010989011,,,
1707681224852,0.00125,,,,
1707681224858,,0.2627627627627628,,
1707681224859,,,0.24375,
1707681224865,0.26901901901901903,,,
1707681225852,0.00125,,,,
1707681225858,,0.26,,
1707681225859,,,0.2525,
1707681225865,0.26625,,,
1707681226852,0.0,,,,
1707681226859,,0.27875,0.2525,
1707681226865,0.26125,,,
1707681227852,0.0,,,,
1707681227858,,0.26125,,
1707681227859,,,0.26375,
1707681227865,0.26875,,,
1707681228852,0.00125,,,,
1707681228858,,0.26125,,
1707681228859,,,0.25625,
1707681228865,0.27,,,
1707681229852,0.00125,,,,
1707681229859,,0.265,0.2625,
1707681229865,0.26625,,,
1707681230852,0.0,,,,
1707681230859,,0.2725,,
1707681230860,,,0.25875,
1707681230865,0.2675,,,
1707681231852,0.00125,,,,
1707681231858,,0.2625,,
1707681231859,,,0.26625,
1707681231865,0.265,,,
1707681232852,0.0,,,,
1707681232858,,0.26125,,
1707681232859,,,0.2625,
1707681232865,0.2675,,,
1707681233852,0.00125,,,,
1707681233858,,0.265,,
1707681233859,,,0.26125,
1707681233879,0.27586206896551724,,,
1707681234852,0.00125,,,,
1707681234859,,0.265,0.26875,
1707681234865,0.25888324873096447,,,
1707681235852,0.0,,,,
1707681235858,,0.26125,,
1707681235859,,,0.2575,
1707681235865,0.27125,,,
1707681236852,0.00125,,,,
1707681236858,,0.26625,,
1707681236859,,,0.2625,
1707681236865,0.2675,,,
1707681237852,0.0,,,,
1707681237858,,0.26,,
1707681237859,,,0.255,
1707681237865,0.28375,,,
1707681238852,0.00125,,,,
1707681238858,,0.27375,,
1707681238859,,,0.27125,
1707681238865,0.26,,,
1707681239852,0.0,,,,
1707681239858,,0.26375,,
1707681239859,,,0.26875,
1707681239865,0.26625,,,
1707681240852,0.00125,,,,
1707681240858,,0.26625,,
1707681240859,,,0.26,
1707681240865,0.27,,,
1707681241852,0.0,,,,
1707681241858,,0.27875,,
1707681241859,,,0.24625,
1707681241865,0.28,,,
1707681242852,0.00125,,,,
1707681242858,,0.26625,,
1707681242859,,,0.28,
1707681242865,0.26125,,,
1707681243852,0.0,,,,
1707681243858,,0.2675,,
1707681243859,,,0.265,
1707681243865,0.2725,,,
1707681244852,0.0,,,,
1707681244858,,0.2625,,
1707681244859,,,0.2725,
1707681244865,0.265,,,
1707681245852,0.00125,,,,
1707681245859,,0.27875,0.2525,
1707681245865,0.28,,,
1707681246852,0.0,,,,
1707681246858,,0.26375,,
1707681246859,,,0.275,
1707681246865,0.26625,,,
1707681247852,0.00125,,,,
1707681247858,,0.275,,
1707681247859,,,0.26125,
1707681247865,0.26875,,,
1707681248852,0.00125,,,,
1707681248858,,0.2675,,
1707681248859,,,0.2625,
1707681248865,0.275,,,
1707681249852,0.00125,,,,
1707681249858,,0.2775,,
1707681249859,,,0.2525,
1707681249865,0.28125,,,
1707681250852,0.0,,,,
1707681250858,,0.265,,
1707681250859,,,0.27625,
1707681250865,0.2675,,,
1707681251852,0.00125,,,,
1707681251858,,0.27,,
1707681251859,,,0.26375,
1707681251865,0.27375,,,
1707681252852,0.0,,,,
1707681252858,,0.265,,
1707681252859,,,0.26,
1707681252865,0.29,,,
1707681253852,0.00125,,,,
1707681253858,,0.28375,,
1707681253859,,,0.27375,
1707681253865,0.25875,,,
1707681254852,0.0,,,,
1707681254858,,0.27375,,
1707681254859,,,0.26625,
1707681254865,0.275,,,
1707681255852,0.0,,,,
1707681255858,,0.2725,,
1707681255859,,,0.26375,
1707681255865,0.27375,,,
1707681256852,0.0,,,,
1707681256858,,0.2825,,
1707681256859,,,0.25375,
1707681256865,0.28625,,,
1707681257852,0.00125,,,,
1707681257858,,0.265,,
1707681257859,,,0.28125,
1707681257865,0.27125,,,
1707681258852,0.0,,,,
1707681258858,,0.27125,,
1707681258859,,,0.26375,
1707681258865,0.27875,,,
1707681259852,0.00125,,,,
1707681259858,,0.27375,,
1707681259859,,,0.2675,
1707681259865,0.27875,,,
1707681260852,0.0,,,,
1707681260858,,0.28,,
1707681260859,,,0.2575,
1707681260865,0.28375,,,
1707681261852,0.0025,,,,
1707681261858,,0.265,,
1707681261859,,,0.2825,
1707681261865,0.26875,,,
1707681262852,0.0,,,,
1707681262858,,0.27125,,
1707681262859,,,0.26625,
1707681262865,0.2775,,,
1707681263852,0.00125,,,,
1707681263858,,0.27125,,
1707681263859,,,0.26875,
1707681263865,0.27625,,,
1707681264852,0.00125,,,,
1707681264858,,0.27875,,
1707681264859,,,0.255,
1707681264865,0.2825,,,
1707681265852,0.0,,,,
1707681265858,,0.26875,,
1707681265859,,,0.2825,
1707681265865,0.27125,,,
1707681266852,0.0,,,,
1707681266858,,0.2725,,
1707681266859,,,0.26875,
1707681266865,0.275,,,
1707681267852,0.0,,,,
1707681267858,,0.265,,
1707681267859,,,0.2625,
1707681267865,0.2925,,,
1707681268852,0.00125,,,,
1707681268858,,0.2925,,
1707681268859,,,0.2675,
1707681268865,0.26375,,,
1707681269852,0.0,,,,
1707681269858,,0.27,,
1707681269859,,,0.28125,
1707681269865,0.27125,,,
1707681270852,0.0,,,,
1707681270858,,0.27625,,
1707681270859,,,0.26625,
1707681270865,0.28125,,,
1707681271852,0.00125,,,,
1707681271858,,0.28,,
1707681271859,,,0.2575,
1707681271865,0.28375,,,
1707681272852,0.0,,,,
1707681272858,,0.27375,,
1707681272859,,,0.2725,
1707681272865,0.275,,,
1707681273852,0.0,,,,
1707681273858,,0.26625,,
1707681273859,,,0.2875,
1707681273865,0.27,,,
1707681274852,0.00125,,,,
1707681274858,,0.27625,,
1707681274859,,,0.27,
1707681274865,0.27125,,,
1707681275852,0.00125,,,,
1707681275858,,0.28,,
1707681275859,,,0.2575,
1707681275865,0.2825,,,
1707681276852,0.00625,,,,
1707681276859,,0.27875,0.26875,
1707681276865,0.28625,,,
1707681277852,0.00125,,,,
1707681277858,,0.2775,,
1707681277859,,,0.27,
1707681277865,0.28125,,,
1707681278852,0.0725,,,,
1707681278858,,0.2575,,
1707681278860,,,0.26625,
1707681278865,0.2725,,,
1707681279852,0.02875,,,,
1707681279858,,0.29,,
1707681279859,,,0.25,
1707681279865,0.26,,,
1707681280852,0.0,,,,
1707681280858,,0.27125,,
1707681280859,,,0.26125,
1707681280865,0.2775,,,
1707681281852,0.0,,,,
1707681281858,,0.26875,,
1707681281859,,,0.2625,
1707681281865,0.2725,,,
1707681282852,0.00125,,,,
1707681282858,,0.26625,,
1707681282859,,,0.26625,
1707681282865,0.27125,,,
1707681283852,0.00125,,,,
1707681283858,,0.2675,,
1707681283859,,,0.2625,
1707681283865,0.27625,,,
1707681284852,0.0,,,,
1707681284858,,0.27125,,
1707681284859,,,0.26375,
1707681284865,0.2775,,,
1707681285852,0.0,,,,
1707681285858,,0.26625,,
1707681285859,,,0.265,
1707681285865,0.2775,,,
1707681286852,0.00125,,,,
1707681286858,,0.27,,
1707681286859,,,0.26625,
1707681286865,0.2725,,,
1707681287852,0.00125,,,,
1707681287858,,0.27875,,
1707681287859,,,0.2625,
1707681287865,0.26875,,,
1707681288852,0.0,,,,
1707681288858,,0.27375,,
1707681288859,,,0.26625,
1707681288865,0.2775,,,
1707681289852,0.0,,,,
1707681289858,,0.27,,
1707681289861,,,0.2647352647352647,
1707681289865,0.27375,,,
1707681290852,0.00125,,,,
1707681290858,,0.27625,,
1707681290859,,,0.26651651651651653,
1707681290865,0.27375,,,
1707681291852,0.0,,,,
1707681291858,,0.2825,,
1707681291859,,,0.255,
1707681291865,0.28,,,
1707681292852,0.0,,,,
1707681292858,,0.26375,,
1707681292859,,,0.28125,
1707681292865,0.26875,,,
1707681293852,0.0,,,,
1707681293858,,0.27375,,
1707681293859,,,0.27125,
1707681293865,0.26875,,,
1707681294852,0.0025,,,,
1707681294858,,0.27375,,
1707681294859,,,0.26625,
1707681294865,0.275,,,
1707681295852,0.0,,,,
1707681295858,,0.28125,,
1707681295859,,,0.25375,
1707681295865,0.28,,,
1707681296852,0.0,,,,
1707681296858,,0.26625,,
1707681296859,,,0.28125,
1707681296865,0.27125,,,
1707681297852,0.0025,,,,
1707681297858,,0.27,,
1707681297859,,,0.26875,
1707681297865,0.275,,,
1707681298852,0.0,,,,
1707681298858,,0.2725,,
1707681298859,,,0.27,
1707681298865,0.275,,,
1707681299852,0.0175,,,,
1707681299858,,0.27625,,
1707681299859,,,0.255,
1707681299865,0.27625,,,
1707681300852,0.0,,,,
1707681300858,,0.26875,,
1707681300859,,,0.2825,
1707681300865,0.27125,,,
1707681301852,0.00125,,,,
1707681301858,,0.265,,
1707681301859,,,0.26,
1707681301865,0.2675,,,
1707681302852,0.0,,,,
1707681302858,,0.2725,,
1707681302859,,,0.26875,
1707681302865,0.27375,,,
1707681303852,0.01375,,,,
1707681303858,,0.26875,,
1707681303859,,,0.265,
1707681303865,0.27,,,
1707681304852,0.00125,,,,
1707681304858,,0.275,,
1707681304859,,,0.26875,
1707681304865,0.2775,,,
1707681305852,0.0,,,,
1707681305858,,0.275,,
1707681305859,,,0.26875,
1707681305865,0.27625,,,
1707681306852,0.0,,,,
1707681306858,,0.28375,,
1707681306859,,,0.26,
1707681306865,0.2825,,,
1707681307852,0.0,,,,
1707681307858,,0.27625,,
1707681307859,,,0.2775,
1707681307865,0.27,,,
1707681308852,0.00125,,,,
1707681308858,,0.275,,
1707681308859,,,0.26875,
1707681308865,0.28,,,
1707681309852,0.0,,,,
1707681309858,,0.27125,,
1707681309859,,,0.28125,
1707681309865,0.2725,,,
1707681310852,0.00125,,,,
1707681310858,,0.27875,,
1707681310859,,,0.2625,
1707681310865,0.2825,,,
1707681311852,0.0,,,,
1707681311858,,0.26875,,
1707681311859,,,0.2875,
1707681311865,0.27,,,
1707681312852,0.0025,,,,
1707681312858,,0.27125,,
1707681312859,,,0.26875,
1707681312865,0.28375,,,
1707681313852,0.0,,,,
1707681313858,,0.27375,,
1707681313859,,,0.27125,
1707681313865,0.28,,,
1707681314852,0.00125,,,,
1707681314858,,0.28375,,
1707681314859,,,0.26,
1707681314865,0.28375,,,
1707681315852,0.00125,,,,
1707681315858,,0.27,,
1707681315859,,,0.285,
1707681315865,0.27,,,
1707681316852,0.0,,,,
1707681316858,,0.27625,,
1707681316859,,,0.2725,
1707681316865,0.2775,,,
1707681317852,0.00125,,,,
1707681317858,,0.2775,,
1707681317859,,,0.2725,
1707681317865,0.27625,,,
1707681318852,0.0175,,,,
1707681318858,,0.275,,
1707681318859,,,0.2575,
1707681318865,0.27875,,,
1707681319852,0.0,,,,
1707681319858,,0.27125,,
1707681319859,,,0.28375,
1707681319865,0.27375,,,
1707681320852,0.0025,,,,
1707681320858,,0.275,,
1707681320859,,,0.27125,
1707681320865,0.28125,,,
1707681321852,0.0,,,,
1707681321858,,0.28125,,
1707681321859,,,0.26125,
1707681321865,0.285,,,
1707681322852,0.00125,,,,
1707681322858,,0.275,,
1707681322859,,,0.2725,
1707681322865,0.27875,,,
1707681323852,0.0,,,,
1707681323858,,0.275,,
1707681323859,,,0.27625,
1707681323866,0.270979020979021,,,
1707681324852,0.00125,,,,
1707681324858,,0.2775,,
1707681324859,,,0.27,
1707681324865,0.2777777777777778,,,
1707681325852,0.00125,,,,
1707681325858,,0.2825,,
1707681325859,,,0.2625,
1707681325865,0.2825,,,
1707681326852,0.0,,,,
1707681326858,,0.2725,,
1707681326859,,,0.28,
1707681326865,0.275,,,
1707681327852,0.0,,,,
1707681327858,,0.275,,
1707681327859,,,0.27125,
1707681327865,0.27875,,,
1707681328852,0.00125,,,,
1707681328858,,0.27875,,
1707681328859,,,0.26875,
1707681328865,0.275,,,
1707681329852,0.0,,,,
1707681329858,,0.28125,,
1707681329859,,,0.2625,
1707681329865,0.28625,,,
1707681330852,0.0,,,,
1707681330858,,0.27125,,
1707681330859,,,0.28375,
1707681330865,0.275,,,
1707681331852,0.00125,,,,
1707681331858,,0.27625,,
1707681331859,,,0.27125,
1707681331865,0.28375,,,
1707681332852,0.0,,,,
1707681332858,,0.28,,
1707681332859,,,0.27125,
1707681332865,0.2825,,,
1707681333852,0.0,,,,
1707681333858,,0.27875,,
1707681333859,,,0.2725,
1707681333865,0.2775,,,
1707681334852,0.015,,,,
1707681334858,,0.27,,
1707681334859,,,0.2775,
1707681334865,0.27125,,,
1707681335852,0.0,,,,
1707681335858,,0.275,,
1707681335859,,,0.26875,
1707681335865,0.275,,,
1707681336852,0.00125,,,,
1707681336858,,0.28125,,
1707681336859,,,0.265,
1707681336865,0.28625,,,
1707681337852,0.0,,,,
1707681337858,,0.27625,,
1707681337860,,,0.2725,
1707681337865,0.28125,,,
1707681338852,0.00125,,,,
1707681338858,,0.2775,,
1707681338859,,,0.27902902902902904,
1707681338865,0.27625,,,
1707681339852,0.0,,,,
1707681339858,,0.27875,,
1707681339859,,,0.2722277722277722,
1707681339865,0.2775,,,
1707681340852,0.0025,,,,
1707681340858,,0.28375,,
1707681340859,,,0.26375,
1707681340865,0.2875,,,
1707681341852,0.0,,,,
1707681341858,,0.28,,
1707681341859,,,0.2775,
1707681341865,0.27875,,,
1707681342852,0.00125,,,,
1707681342858,,0.27625,,
1707681342859,,,0.2852852852852853,
1707681342865,0.2725,,,
1707681343852,0.00125,,,,
1707681343858,,0.275,,
1707681343859,,,0.26848151848151847,
1707681343865,0.2875,,,
1707681344852,0.0,,,,
1707681344858,,0.28875,,
1707681344859,,,0.27,
1707681344865,0.275,,,
1707681345852,0.00125,,,,
1707681345858,,0.275,,
1707681345859,,,0.2825,
1707681345865,0.27625,,,
1707681346852,0.0,,,,
1707681346858,,0.2775,,
1707681346859,,,0.275,
1707681346865,0.28,,,
1707681347852,0.0,,,,
1707681347858,,0.28625,,
1707681347860,,,0.26625,
1707681347865,0.285,,,
1707681348852,0.0,,,,
1707681348858,,0.2775,,
1707681348859,,,0.275,
1707681348865,0.28125,,,
1707681349852,0.015,,,,
1707681349858,,0.27125,,
1707681349859,,,0.28125,
1707681349865,0.2725,,,
1707681350852,0.0,,,,
1707681350858,,0.2775,,
1707681350859,,,0.27875,
1707681350865,0.27875,,,
1707681351852,0.00125,,,,
1707681351858,,0.2825,,
1707681351859,,,0.2675,
1707681351865,0.2875,,,
1707681352852,0.0,,,,
1707681352858,,0.28,,
1707681352859,,,0.27402402402402404,
1707681352865,0.27875,,,
1707681353852,0.0025,,,,
1707681353858,,0.27375,,
1707681353859,,,0.28346653346653344,
1707681353865,0.27875,,,
1707681354852,0.0,,,,
1707681354858,,0.275,,
1707681354859,,,0.27375,
1707681354865,0.29125,,,
1707681355852,0.00125,,,,
1707681355858,,0.2875,,
1707681355859,,,0.27375,
1707681355865,0.275,,,
1707681356852,0.0,,,,
1707681356858,,0.28,,
1707681356859,,,0.27625,
1707681356865,0.28,,,
1707681357852,0.0,,,,
1707681357858,,0.27375,,
1707681357859,,,0.2825,
1707681357865,0.28,,,
1707681358852,0.0,,,,
1707681358858,,0.285,,
1707681358859,,,0.265,
1707681358865,0.285,,,
1707681359852,0.0,,,,
1707681359858,,0.28,,
1707681359859,,,0.27625,
1707681359865,0.28125,,,
1707681360852,0.00125,,,,
1707681360858,,0.2775,,
1707681360859,,,0.275,
1707681360865,0.28125,,,
1707681361852,0.0,,,,
1707681361858,,0.2775,,
1707681361859,,,0.28375,
1707681361865,0.275,,,
1707681362852,0.0,,,,
1707681362858,,0.28875,,
1707681362859,,,0.265,
1707681362865,0.28875,,,
1707681363852,0.00125,,,,
1707681363858,,0.28,,
1707681363859,,,0.27375,
1707681363865,0.2825,,,
1707681364852,0.00125,,,,
1707681364858,,0.27125,,
1707681364859,,,0.28375,
1707681364865,0.285,,,
1707681365852,0.0,,,,
1707681365858,,0.27875,,
1707681365859,,,0.27375,
1707681365865,0.28625,,,
1707681366852,0.0,,,,
1707681366858,,0.28375,,
1707681366859,,,0.2625,
1707681366865,0.29,,,
1707681367852,0.0,,,,
1707681367858,,0.28,,
1707681367859,,,0.2775,
1707681367865,0.27875,,,
1707681368852,0.00125,,,,
1707681368858,,0.2775,,
1707681368859,,,0.28,
1707681368865,0.275,,,
1707681369852,0.0,,,,
1707681369858,,0.2875,,
1707681369859,,,0.26625,
1707681369865,0.285,,,
1707681370852,0.0,,,,
1707681370858,,0.27875,,
1707681370859,,,0.275,
1707681370865,0.27875,,,
1707681371852,0.0,,,,
1707681371858,,0.27875,,
1707681371859,,,0.275,
1707681371865,0.28125,,,
1707681372852,0.0,,,,
1707681372858,,0.27625,,
1707681372859,,,0.2825,
1707681372864,0.27625,,,
1707681373852,0.0,,,,
1707681373858,,0.285,,
1707681373859,,,0.265,
1707681373865,0.285,,,
1707681374852,0.00125,,,,
1707681374858,,0.2775,,
1707681374859,,,0.27375,
1707681374865,0.28125,,,
1707681375852,0.0,,,,
1707681375858,,0.27875,,
1707681375860,,,0.27125,
1707681375865,0.28375,,,
1707681376852,0.0,,,,
1707681376858,,0.275,,
1707681376859,,,0.28625,
1707681376865,0.2775,,,
1707681377852,0.00125,,,,
1707681377858,,0.285,,
1707681377859,,,0.265,
1707681377865,0.29,,,
1707681378852,0.0,,,,
1707681378858,,0.28125,,
1707681378859,,,0.27375,
1707681378865,0.28125,,,
1707681379852,0.0,,,,
1707681379858,,0.28125,,
1707681379859,,,0.27625,
1707681379865,0.28125,,,
1707681380852,0.0,,,,
1707681380858,,0.28,,
1707681380859,,,0.275,
1707681380865,0.285,,,
1707681381852,0.00125,,,,
1707681381858,,0.2775,,
1707681381859,,,0.275,
1707681381865,0.28125,,,
1707681382852,0.0,,,,
1707681382858,,0.2775,,
1707681382859,,,0.27375,
1707681382865,0.28125,,,
1707681383852,0.0,,,,
1707681383858,,0.275,,
1707681383859,,,0.28375,
1707681383865,0.2775,,,
1707681384852,0.00125,,,,
1707681384858,,0.285,,
1707681384859,,,0.265,
1707681384865,0.28875,,,
1707681385852,0.0,,,,
1707681385858,,0.28125,,
1707681385859,,,0.2725,
1707681385865,0.2825,,,
1707681386852,0.0,,,,
1707681386858,,0.2775,,
1707681386859,,,0.275,
1707681386865,0.28,,,
1707681387852,0.00125,,,,
1707681387858,,0.27625,,
1707681387859,,,0.285,
1707681387865,0.2775,,,
1707681388852,0.0,,,,
1707681388858,,0.2875,,
1707681388859,,,0.265,
1707681388865,0.285,,,
1707681389852,0.0,,,,
1707681389858,,0.28,,
1707681389859,,,0.275,
1707681389865,0.2825,,,
1707681390852,0.0,,,,
1707681390858,,0.27875,,
1707681390859,,,0.275,
1707681390865,0.28,,,
1707681391852,0.00125,,,,
1707681391858,,0.28,,
1707681391859,,,0.27625,
1707681391865,0.2825,,,
1707681392852,0.0,,,,
1707681392858,,0.28,,
1707681392859,,,0.275,
1707681392865,0.28125,,,
1707681393852,0.0,,,,
1707681393858,,0.27875,,
1707681393859,,,0.2725,
1707681393865,0.27875,,,
1707681394852,0.0,,,,
1707681394858,,0.28,,
1707681394859,,,0.275,
1707681394865,0.28,,,
1707681395852,0.0,,,,
1707681395858,,0.28125,,
1707681395859,,,0.27402402402402404,
1707681395865,0.28125,,,
1707681396852,0.0025,,,,
1707681396858,,0.2825,,
1707681396859,,,0.2722277722277722,
1707681396865,0.2775,,,
1707681397852,0.0,,,,
1707681397858,,0.27875,,
1707681397859,,,0.275,
1707681397865,0.28,,,
1707681398852,0.0,,,,
1707681398858,,0.28125,,
1707681398859,,,0.2725,
1707681398865,0.2775,,,
1707681399852,0.0,,,,
1707681399858,,0.27875,,
1707681399859,,,0.2725,
1707681399865,0.28,,,
1707681400852,0.00125,,,,
1707681400858,,0.275,,
1707681400859,,,0.27375,
1707681400865,0.27875,,,
1707681401852,0.0,,,,
1707681401858,,0.27875,,
1707681401859,,,0.27375,
1707681401864,0.28,,,
1707681402852,0.0,,,,
1707681402858,,0.28,,
1707681402859,,,0.275,
1707681402865,0.27875,,,
1707681403852,0.00125,,,,
1707681403858,,0.2775,,
1707681403859,,,0.27375,
1707681403865,0.28,,,
1707681404852,0.0,,,,
1707681404858,,0.28125,,
1707681404859,,,0.2725,
1707681404865,0.27875,,,
1707681405852,0.00125,,,,
1707681405858,,0.28,,
1707681405859,,,0.275,
1707681405865,0.2775,,,
1707681406852,0.0,,,,
1707681406858,,0.27875,,
1707681406859,,,0.275,
1707681406865,0.27875,,,
1707681407852,0.00125,,,,
1707681407858,,0.27875,,
1707681407860,,,0.27375,
1707681407865,0.28125,,,
1707681408852,0.0,,,,
1707681408858,,0.28,,
1707681408859,,,0.27125,
1707681408865,0.2825,,,
1707681409852,0.0,,,,
1707681409858,,0.2775,,
1707681409859,,,0.27125,
1707681409865,0.28375,,,
1707681410852,0.0,,,,
1707681410858,,0.2775,,
1707681410859,,,0.27125,
1707681410865,0.28875,,,
1707681411852,0.0,,,,
1707681411858,,0.2775,,
1707681411859,,,0.27375,
1707681411865,0.2825,,,
1707681412852,0.00125,,,,
1707681412858,,0.27875,,
1707681412859,,,0.275,
1707681412865,0.27875,,,
1707681413852,0.0,,,,
1707681413859,,,0.265,
1707681413863,,0.2848258706467662,,
1707681413865,0.28625,,,
1707681414852,0.00125,,,,
1707681414858,,0.271356783919598,,
1707681414859,,,0.2775,
1707681414865,0.29,,,
1707681415852,0.00375,,,,
1707681415858,,0.275,,
1707681415859,,,0.2725,
1707681415865,0.28125,,,
1707681416852,0.00125,,,,
1707681416858,,0.28375,,
1707681416859,,,0.2702702702702703,
1707681416865,0.28,,,
1707681417852,0.0,,,,
1707681417858,,0.2825,,
1707681417859,,,0.265984015984016,
1707681417865,0.2825,,,
1707681418852,0.0,,,,
1707681418858,,0.27375,,
1707681418859,,,0.28153153153153154,
1707681418865,0.27875,,,
1707681419852,0.0,,,,
1707681419858,,0.2775,,
1707681419859,,,0.2725,
1707681419865,0.28375,,,
1707681420852,0.00125,,,,
1707681420858,,0.275,,
1707681420859,,,0.27472527472527475,
1707681420864,0.28125,,,
1707681421852,0.0,,,,
1707681421858,,0.285,,
1707681421859,,,0.26375,
1707681421865,0.28625,,,
1707681422852,0.0,,,,
1707681422858,,0.275,,
1707681422859,,,0.28375,
1707681422865,0.27625,,,
1707681423852,0.0,,,,
1707681423858,,0.27625,,
1707681423859,,,0.27625,
1707681423865,0.28,,,
1707681424852,0.00375,,,,
1707681424858,,0.28625,,
1707681424859,,,0.26151151151151153,
1707681424865,0.28625,,,
1707681425852,0.0,,,,
1707681425858,,0.275,,
1707681425859,,,0.28471528471528473,
1707681425865,0.27625,,,
1707681426852,0.0,,,,
1707681426858,,0.27875,,
1707681426859,,,0.275,
1707681426865,0.28,,,
1707681427852,0.00125,,,,
1707681427858,,0.285,,
1707681427859,,,0.27125,
1707681427865,0.28,,,
1707681428852,0.00375,,,,
1707681428858,,0.28875,,
1707681428859,,,0.2625,
1707681428865,0.285,,,
1707681429852,0.01125,,,,
1707681429858,,0.30125,,
1707681429859,,,0.245,
1707681429865,0.29,,,
1707681430852,0.0,,,,
1707681430858,,0.26125,,
1707681430859,,,0.315,
1707681430865,0.26625,,,
1707681431852,0.0,,,,
1707681431858,,0.28375,,
1707681431859,,,0.26375,
1707681431865,0.29,,,
1707681432852,0.00125,,,,
1707681432858,,0.27625,,
1707681432859,,,0.27402402402402404,
1707681432865,0.28,,,
1707681433852,0.0,,,,
1707681433858,,0.27375,,
1707681433859,,,0.2825,
1707681433865,0.27875,,,
1707681434852,0.0,,,,
1707681434858,,0.28125,,
1707681434859,,,0.2722277722277722,
1707681434865,0.27875,,,
1707681435852,0.0,,,,
1707681435858,,0.2875,,
1707681435859,,,0.26151151151151153,
1707681435865,0.28375,,,
1707681436852,0.00125,,,,
1707681436858,,0.27875,,
1707681436859,,,0.275974025974026,
1707681436865,0.28,,,
1707681437852,0.0,,,,
1707681437858,,0.2725,,
1707681437859,,,0.2825,
1707681437865,0.27625,,,
1707681438852,0.0,,,,
1707681438858,,0.2825,,
1707681438859,,,0.26625,
1707681438865,0.285,,,
1707681439852,0.0,,,,
1707681439858,,0.27625,,
1707681439859,,,0.27625,
1707681439865,0.28125,,,
1707681440852,0.00125,,,,
1707681440858,,0.27875,,
1707681440859,,,0.2725,
1707681440865,0.28125,,,
1707681441852,0.00375,,,,
1707681441858,,0.265,,
1707681441859,,,0.27625,
1707681441865,0.29125,,,
1707681442852,0.0,,,,
1707681442858,,0.28625,,
1707681442859,,,0.2675,
1707681442865,0.275,,,
1707681443852,0.0,,,,
1707681443858,,0.2775,,
1707681443859,,,0.27125,
1707681443865,0.2825,,,
1707681444852,0.0,,,,
1707681444858,,0.27625,,
1707681444859,,,0.28,
1707681444865,0.27625,,,
1707681445852,0.00125,,,,
1707681445858,,0.28,,
1707681445859,,,0.26401401401401403,
1707681445865,0.295,,,
1707681446852,0.00125,,,,
1707681446858,,0.29625,,
1707681446859,,,0.265,
1707681446865,0.2725,,,
1707681447852,0.0,,,,
1707681447858,,0.275,,
1707681447859,,,0.28471528471528473,
1707681447865,0.2775,,,
1707681448852,0.0,,,,
1707681448858,,0.2775,,
1707681448859,,,0.27875,
1707681448865,0.27875,,,
1707681449852,0.00125,,,,
1707681449858,,0.27875,,
1707681449859,,,0.2727727727727728,
1707681449865,0.28,,,
1707681450852,0.0,,,,
1707681450858,,0.2775,,
1707681450859,,,0.27347652347652346,
1707681450865,0.27875,,,
1707681451852,0.0,,,,
1707681451858,,0.2725,,
1707681451859,,,0.27,
1707681451865,0.29125,,,
1707681452852,0.0,,,,
1707681452858,,0.285,,
1707681452859,,,0.28125,
1707681452865,0.27,,,
1707681453852,0.0,,,,
1707681453858,,0.27875,,
1707681453859,,,0.2727727727727728,
1707681453865,0.28125,,,
1707681454852,0.00125,,,,
1707681454858,,0.275,,
1707681454859,,,0.26973026973026976,
1707681454865,0.29,,,
1707681455852,0.00125,,,,
1707681455858,,0.28125,,
1707681455859,,,0.27625,
1707681455865,0.2725,,,
1707681456852,0.0,,,,
1707681456858,,0.27875,,
1707681456859,,,0.2725,
1707681456865,0.2825,,,
1707681457852,0.00125,,,,
1707681457858,,0.275,,
1707681457859,,,0.27,
1707681457865,0.29,,,
1707681458852,0.0,,,,
1707681458858,,0.28875,,
1707681458859,,,0.26901901901901903,
1707681458865,0.27625,,,
1707681459852,0.0,,,,
1707681459858,,0.2725,,
1707681459859,,,0.280969030969031,
1707681459865,0.27625,,,
1707681460852,0.05875,,,,
1707681460858,,0.26,,
1707681460859,,,0.25875,
1707681460865,0.2625,,,
1707681461852,0.00125,,,,
1707681461858,,0.285,,
1707681461859,,,0.265,
1707681461865,0.285,,,
1707681462852,0.0,,,,
1707681462858,,0.2725,,
1707681462859,,,0.285,
1707681462865,0.2775,,,
1707681463852,0.0025,,,,
1707681463858,,0.27875,,
1707681463859,,,0.27375,
1707681463865,0.28,,,
1707681464852,0.00125,,,,
1707681464858,,0.28125,,
1707681464859,,,0.26875,
1707681464865,0.285,,,
1707681465852,0.00125,,,,
1707681465858,,0.28375,,
1707681465859,,,0.27402402402402404,
1707681465865,0.27875,,,
1707681466852,0.0,,,,
1707681466858,,0.27375,,
1707681466859,,,0.280969030969031,
1707681466865,0.2775,,,
1707681467852,0.0,,,,
1707681467860,,,0.26375,
1707681467862,,0.2875996015936255,,
1707681467864,0.28875,,,
1707681468852,0.0,,,,
1707681468858,,0.28112449799196787,,
1707681468859,,,0.2727727727727728,
1707681468865,0.27875,,,
1707681469852,0.0,,,,
1707681469858,,0.2775,,
1707681469859,,,0.2822177822177822,
1707681469865,0.275,,,
1707681470852,0.00125,,,,
1707681470858,,0.27375,,
1707681470859,,,0.2675,
1707681470865,0.29,,,
1707681471852,0.00125,,,,
1707681471858,,0.28875,,
1707681471859,,,0.2677677677677678,
1707681471864,0.27875,,,
1707681472852,0.0,,,,
1707681472858,,0.28,,
1707681472859,,,0.27472527472527475,
1707681472865,0.28,,,
1707681473852,0.0,,,,
1707681473858,,0.27125,,
1707681473859,,,0.28,
1707681473865,0.28375,,,
1707681474852,0.0,,,,
1707681474858,,0.28875,,
1707681474859,,,0.2677677677677678,
1707681474865,0.27625,,,
1707681475852,0.0,,,,
1707681475858,,0.27875,,
1707681475859,,,0.27375,
1707681475865,0.28125,,,
1707681476852,0.0,,,,
1707681476859,,,0.275974025974026,
1707681476865,0.2825,,,
1707681476870,,0.27544466403162055,,
1707681477852,0.0025,,,,
1707681477858,,0.2770748987854251,,
1707681477859,,,0.26651651651651653,
1707681477865,0.275,,,
1707681478852,0.0,,,,
1707681478858,,0.27,,
1707681478859,,,0.26625,
1707681478864,0.28625,,,
1707681479852,0.0,,,,
1707681479858,,0.28125,,
1707681479859,,,0.2722277722277722,
1707681479865,0.26375,,,
1707681480852,0.00125,,,,
1707681480858,,0.2775,,
1707681480859,,,0.27,
1707681480865,0.275,,,
1707681481852,0.0,,,,
1707681481858,,0.27,,
1707681481859,,,0.26651651651651653,
1707681481865,0.285,,,
1707681482852,0.0,,,,
1707681482858,,0.2825,,
1707681482859,,,0.265,
1707681482865,0.275,,,
1707681483852,0.00125,,,,
1707681483858,,0.27,,
1707681483859,,,0.27972027972027974,
1707681483864,0.275,,,
1707681484852,0.0,,,,
1707681484858,,0.27,,
1707681484859,,,0.26901901901901903,
1707681484865,0.28625,,,
1707681485852,0.00125,,,,
1707681485858,,0.28625,,
1707681485859,,,0.2675,
1707681485865,0.27375,,,
1707681486852,0.0,,,,
1707681486858,,0.27,,
1707681486859,,,0.280969030969031,
1707681486865,0.27375,,,
1707681487852,0.0,,,,
1707681487858,,0.27,,
1707681487859,,,0.26651651651651653,
1707681487865,0.29125,,,
1707681488852,0.0,,,,
1707681488858,,0.28625,,
1707681488859,,,0.26723276723276723,
1707681488865,0.2725,,,
1707681489852,0.0,,,,
1707681489858,,0.27125,,
1707681489859,,,0.28125,
1707681489865,0.27375,,,
1707681490852,0.0,,,,
1707681490858,,0.27125,,
1707681490859,,,0.2677677677677678,
1707681490865,0.28625,,,
1707681491852,0.00125,,,,
1707681491858,,0.2825,,
1707681491859,,,0.2725,
1707681491865,0.27125,,,
1707681492852,0.0,,,,
1707681492858,,0.2725,,
1707681492859,,,0.27125,
1707681492865,0.28375,,,
1707681493852,0.0,,,,
1707681493858,,0.28,,
1707681493859,,,0.2772227772227772,
1707681493865,0.27,,,
1707681494852,0.0,,,,
1707681494858,,0.27375,,
1707681494859,,,0.27402402402402404,
1707681494865,0.28125,,,
1707681495852,0.0,,,,
1707681495858,,0.27125,,
1707681495859,,,0.2675,
1707681495864,0.29,,,
1707681496852,0.0,,,,
1707681496858,,0.28125,,
1707681496859,,,0.2772227772227772,
1707681496865,0.2725,,,
1707681497852,0.0025,,,,
1707681497858,,0.27625,,
1707681497859,,,0.27152152152152154,
1707681497865,0.2775,,,
1707681498852,0.0,,,,
1707681498858,,0.275,,
1707681498859,,,0.2675,
1707681498865,0.28625,,,
1707681499852,0.0,,,,
1707681499858,,0.28,,
1707681499859,,,0.2772227772227772,
1707681499865,0.26875,,,
1707681500852,0.0,,,,
1707681500858,,0.2725,,
1707681500859,,,0.2702702702702703,
1707681500865,0.2875,,,
1707681501852,0.0,,,,
1707681501858,,0.285,,
1707681501859,,,0.27,
1707681501865,0.2725,,,
1707681502852,0.0,,,,
1707681502858,,0.2725,,
1707681502859,,,0.2772227772227772,
1707681502865,0.2725,,,
1707681503852,0.0,,,,
1707681503858,,0.2725,,
1707681503859,,,0.2677677677677678,
1707681503865,0.28625,,,
1707681504852,0.0,,,,
1707681504858,,0.28875,,
1707681504859,,,0.26625,
1707681504865,0.27375,,,
1707681505852,0.0,,,,
1707681505858,,0.26625,,
1707681505859,,,0.27625,
1707681505865,0.28375,,,
1707681506852,0.00125,,,,
1707681506858,,0.28625,,
1707681506859,,,0.27,
1707681506864,0.2725,,,
1707681507852,0.00125,,,,
1707681507858,,0.2725,,
1707681507859,,,0.265,
1707681507865,0.2875,,,
1707681508852,0.0025,,,,
1707681508858,,0.27125,,
1707681508859,,,0.28346653346653344,
1707681508865,0.275,,,
1707681509852,0.0,,,,
1707681509858,,0.28375,,
1707681509859,,,0.26651651651651653,
1707681509865,0.27625,,,
1707681510852,0.0,,,,
1707681510858,,0.27375,,
1707681510859,,,0.27,
1707681510865,0.2875,,,
1707681511852,0.0,,,,
1707681511858,,0.28125,,
1707681511859,,,0.27847152847152845,
1707681511865,0.27125,,,
1707681512852,0.0,,,,
1707681512858,,0.265,,
1707681512859,,,0.26401401401401403,
1707681512865,0.3,,,
1707681513852,0.0,,,,
1707681513858,,0.2775,,
1707681513859,,,0.2725,
1707681513865,0.27875,,,
1707681514857,0.0012437810945273632,,,,
1707681514859,,0.2775,,
1707681514861,,,0.2666999002991027,
1707681514865,0.28875,,,
1707681515852,0.0,,,,
1707681515858,,0.275,,
1707681515859,,,0.27054108216432865,
1707681515865,0.2825,,,
1707681516852,0.0,,,,
1707681516858,,0.30125,,
1707681516859,,,0.26151151151151153,
1707681516864,0.2675,,,
1707681517852,0.0,,,,
1707681517858,,0.2725,,
1707681517859,,,0.28346653346653344,
1707681517864,0.27625,,,
1707681518852,0.00125,,,,
1707681518860,,,0.26625,
1707681518862,,0.29506972111553786,,
1707681518864,0.26875,,,
1707681519852,0.00125,,,,
1707681519858,,0.2761044176706827,,
1707681519859,,,0.2677677677677678,
1707681519865,0.28375,,,
1707681520852,0.0,,,,
1707681520858,,0.27375,,
1707681520859,,,0.28125,
1707681520865,0.2775,,,
1707681521852,0.0,,,,
1707681521858,,0.27625,,
1707681521859,,,0.2725,
1707681521864,0.28125,,,
1707681522852,0.0,,,,
1707681522858,,0.2775,,
1707681522859,,,0.27125,
1707681522865,0.28375,,,
1707681523852,0.0,,,,
1707681523858,,0.2775,,
1707681523859,,,0.27472527472527475,
1707681523865,0.28375,,,
1707681524852,0.0,,,,
1707681524858,,0.28125,,
1707681524859,,,0.2727727727727728,
1707681524865,0.28,,,
1707681525852,0.00125,,,,
1707681525859,,0.27847152847152845,,
1707681525865,0.27847152847152845,,,
1707681525885,,,0.2875243664717349,
1707681526852,0.0,,,,
1707681526858,,0.2727727727727728,,
1707681526859,,,0.2743589743589744,
1707681526880,0.28353057199211046,,,
1707681527852,0.00125,,,,
1707681527858,,0.2825,,
1707681527859,,,0.26401401401401403,
1707681527864,0.2753807106598985,,,
1707681528852,0.0,,,,
1707681528858,,0.275,,
1707681528859,,,0.28346653346653344,
1707681528865,0.27375,,,
1707681529852,0.0,,,,
1707681529858,,0.28,,
1707681529859,,,0.27402402402402404,
1707681529864,0.27625,,,
1707681530852,0.0,,,,
1707681530858,,0.27375,,
1707681530859,,,0.27,
1707681530865,0.29125,,,
1707681531852,0.0,,,,
1707681531858,,0.28625,,
1707681531859,,,0.28,
1707681531864,0.26875,,,
1707681532852,0.00125,,,,
1707681532858,,0.28,,
1707681532859,,,0.275,
1707681532864,0.2775,,,
1707681533852,0.0,,,,
1707681533858,,0.28125,,
1707681533859,,,0.27472527472527475,
1707681533865,0.27875,,,
1707681534852,0.00125,,,,
1707681534858,,0.28375,,
1707681534859,,,0.27152152152152154,
1707681534865,0.2825,,,
1707681535852,0.0,,,,
1707681535858,,0.265,,
1707681535859,,,0.26,
1707681535864,0.315,,,
1707681536852,0.0,,,,
1707681536858,,0.29,,
1707681536859,,,0.27847152847152845,
1707681536864,0.2675,,,
1707681537852,0.0,,,,
1707681537858,,0.2675,,
1707681537859,,,0.30155155155155156,
1707681537865,0.26875,,,
1707681538852,0.00125,,,,
1707681538858,,0.285,,
1707681538859,,,0.26375,
1707681538865,0.2875,,,
1707681539852,0.00125,,,,
1707681539858,,0.27375,,
1707681539859,,,0.2825,
1707681539864,0.275,,,
1707681540852,0.0,,,,
1707681540858,,0.2775,,
1707681540859,,,0.27375,
1707681540864,0.28,,,
1707681541852,0.0,,,,
1707681541858,,0.27625,,
1707681541859,,,0.26875,
1707681541865,0.29125,,,
1707681542852,0.0,,,,
1707681542858,,0.28875,,
1707681542859,,,0.275974025974026,
1707681542865,0.27,,,
1707681543852,0.0,,,,
1707681543858,,0.28,,
1707681543859,,,0.27375,
1707681543865,0.28,,,
1707681544852,0.00375,,,,
1707681544858,,0.27625,,
1707681544859,,,0.28125,
1707681544864,0.275,,,
1707681545852,0.0,,,,
1707681545858,,0.285,,
1707681545859,,,0.2652652652652653,
1707681545864,0.28625,,,
1707681546852,0.00125,,,,
1707681546858,,0.28125,,
1707681546859,,,0.2725,
1707681546864,0.28125,,,
1707681547852,0.0,,,,
1707681547858,,0.27625,,
1707681547859,,,0.2825,
1707681547864,0.27625,,,
1707681548852,0.0,,,,
1707681548858,,0.2775,,
1707681548859,,,0.27375,
1707681548864,0.285,,,
1707681549852,0.0,,,,
1707681549858,,0.275,,
1707681549859,,,0.2875,
1707681549865,0.27875,,,
1707681550852,0.0,,,,
1707681550858,,0.2775,,
1707681550859,,,0.27375,
1707681550864,0.28125,,,
1707681551852,0.0,,,,
1707681551858,,0.27,,
1707681551859,,,0.2897102897102897,
1707681551864,0.27125,,,
1707681552852,0.00125,,,,
1707681552858,,0.27625,,
1707681552859,,,0.27625,
1707681552864,0.28,,,
1707681553852,0.0,,,,
1707681553858,,0.28375,,
1707681553859,,,0.2652652652652653,
1707681553865,0.285,,,
1707681554852,0.0,,,,
1707681554858,,0.28,,
1707681554859,,,0.2725,
1707681554865,0.27875,,,
1707681555852,0.0,,,,
1707681555858,,0.28,,
1707681555859,,,0.27375,
1707681555865,0.28125,,,
1707681556852,0.0,,,,
1707681556858,,0.26875,,
1707681556859,,,0.27625,
1707681556865,0.28875,,,
1707681557852,0.00125,,,,
1707681557858,,0.28875,,
1707681557859,,,0.2675,
1707681557865,0.27625,,,
1707681558852,0.0,,,,
1707681558858,,0.28,,
1707681558859,,,0.2772227772227772,
1707681558864,0.27875,,,
1707681559852,0.0,,,,
1707681559858,,0.27875,,
1707681559859,,,0.27902902902902904,
1707681559864,0.28,,,
1707681560852,0.0,,,,
1707681560858,,0.27875,,
1707681560859,,,0.27625,
1707681560865,0.28125,,,
1707681561852,0.00125,,,,
1707681561858,,0.27875,,
1707681561859,,,0.27375,
1707681561864,0.28,,,
1707681562852,0.0,,,,
1707681562858,,0.2825,,
1707681562859,,,0.2725,
1707681562864,0.27875,,,
1707681563852,0.0,,,,
1707681563858,,0.27625,,
1707681563859,,,0.27125,
1707681563864,0.285,,,
1707681564852,0.00125,,,,
1707681564858,,0.27625,,
1707681564859,,,0.27875,
1707681564865,0.28125,,,
1707681565852,0.0,,,,
1707681565858,,0.28,,
1707681565859,,,0.27625,
1707681565865,0.27875,,,
1707681566852,0.0,,,,
1707681566858,,0.28,,
1707681566859,,,0.27347652347652346,
1707681566864,0.28125,,,
1707681567852,0.0,,,,
1707681567858,,0.27375,,
1707681567859,,,0.26901901901901903,
1707681567864,0.2925,,,
1707681568852,0.00125,,,,
1707681568858,,0.28875,,
1707681568859,,,0.27875,
1707681568864,0.27,,,
1707681569852,0.0,,,,
1707681569858,,0.28125,,
1707681569859,,,0.27375,
1707681569865,0.27875,,,
1707681570852,0.0,,,,
1707681570858,,0.28125,,
1707681570859,,,0.27375,
1707681570864,0.27875,,,
1707681571852,0.0,,,,
1707681571858,,0.28,,
1707681571859,,,0.27847152847152845,
1707681571865,0.28125,,,
1707681572852,0.00125,,,,
1707681572858,,0.2775,,
1707681572859,,,0.27652652652652654,
1707681572865,0.27875,,,
1707681573852,0.0,,,,
1707681573858,,0.2775,,
1707681573859,,,0.27625,
1707681573864,0.28125,,,
1707681574852,0.00125,,,,
1707681574858,,0.27875,,
1707681574860,,,0.27347652347652346,
1707681574864,0.285,,,
1707681575852,0.0,,,,
1707681575858,,0.28,,
1707681575859,,,0.2725,
1707681575864,0.28375,,,
1707681576852,0.0,,,,
1707681576858,,0.28,,
1707681576859,,,0.27402402402402404,
1707681576865,0.28125,,,
1707681577852,0.0,,,,
1707681577858,,0.28,,
1707681577860,,,0.27347652347652346,
1707681577865,0.2825,,,
1707681578852,0.0,,,,
1707681578858,,0.275,,
1707681578859,,,0.26901901901901903,
1707681578865,0.29125,,,
1707681579852,0.00125,,,,
1707681579858,,0.285,,
1707681579859,,,0.28,
1707681579864,0.27375,,,
1707681580852,0.0,,,,
1707681580858,,0.28,,
1707681580859,,,0.27375,
1707681580865,0.28125,,,
1707681581852,0.0,,,,
1707681581858,,0.27875,,
1707681581859,,,0.27375,
1707681581865,0.27875,,,
1707681582852,0.0,,,,
1707681582858,,0.285,,
1707681582859,,,0.26625,
1707681582865,0.2875,,,
1707681583852,0.00125,,,,
1707681583858,,0.27375,,
1707681583859,,,0.28346653346653344,
1707681583865,0.2775,,,
1707681584852,0.0,,,,
1707681584858,,0.28,,
1707681584859,,,0.27375,
1707681584864,0.28125,,,
1707681585852,0.0,,,,
1707681585858,,0.2775,,
1707681585859,,,0.27402402402402404,
1707681585865,0.28,,,
1707681586852,0.0,,,,
1707681586858,,0.285,,
1707681586859,,,0.2625,
1707681586865,0.2875,,,
1707681587852,0.0025,,,,
1707681587858,,0.27375,,
1707681587859,,,0.2825,
1707681587865,0.275,,,
1707681588852,0.0,,,,
1707681588858,,0.28,,
1707681588859,,,0.2725,
1707681588864,0.28,,,
1707681589852,0.0,,,,
1707681589858,,0.2725,,
1707681589859,,,0.27125,
1707681589865,0.29125,,,
1707681590852,0.00125,,,,
1707681590858,,0.28375,,
1707681590859,,,0.27972027972027974,
1707681590865,0.27125,,,
1707681591852,0.0,,,,
1707681591858,,0.27875,,
1707681591859,,,0.27375,
1707681591865,0.28125,,,
1707681592852,0.00125,,,,
1707681592858,,0.27875,,
1707681592859,,,0.2727727727727728,
1707681592865,0.28,,,
1707681593852,0.0,,,,
1707681593858,,0.285,,
1707681593859,,,0.265,
1707681593865,0.28375,,,
1707681594852,0.00125,,,,
1707681594858,,0.27375,,
1707681594859,,,0.2825,
1707681594864,0.27625,,,
1707681595852,0.0,,,,
1707681595858,,0.28,,
1707681595859,,,0.275,
1707681595864,0.27875,,,
1707681596852,0.0,,,,
1707681596858,,0.275,,
1707681596859,,,0.2675,
1707681596865,0.29,,,
1707681597852,0.0,,,,
1707681597858,,0.29,,
1707681597859,,,0.26723276723276723,
1707681597864,0.27375,,,
1707681598852,0.0,,,,
1707681598858,,0.275,,
1707681598859,,,0.2802802802802803,
1707681598864,0.27125,,,
1707681599852,0.0,,,,
1707681599858,,0.2775,,
1707681599859,,,0.27375,
1707681599865,0.27875,,,
1707681600852,0.0,,,,
1707681600858,,0.2825,,
1707681600859,,,0.2625,
1707681600865,0.28125,,,
1707681601852,0.0,,,,
1707681601858,,0.27125,,
1707681601859,,,0.265,
1707681601864,0.27125,,,
1707681602852,0.00125,,,,
1707681602858,,0.2875,,
1707681602859,,,0.2775,
1707681602865,0.26875,,,
1707681603852,0.00125,,,,
1707681603858,,0.255,,
1707681603859,,,0.26973026973026976,
1707681603865,0.30875,,,
1707681604852,0.0,,,,
1707681604858,,0.2875,,
1707681604859,,,0.2675,
1707681604865,0.27375,,,
1707681605852,0.0,,,,
1707681605858,,0.2775,,
1707681605859,,,0.27402402402402404,
1707681605864,0.27875,,,
1707681606852,0.0,,,,
1707681606858,,0.27375,,
1707681606859,,,0.28375,
1707681606864,0.27375,,,
1707681607852,0.00125,,,,
1707681607858,,0.2725,,
1707681607859,,,0.2675,
1707681607865,0.2925,,,
1707681608852,0.0,,,,
1707681608858,,0.2875,,
1707681608859,,,0.27125,
1707681608864,0.27625,,,
1707681609852,0.0,,,,
1707681609858,,0.27875,,
1707681609859,,,0.27625,
1707681609864,0.27875,,,
1707681610852,0.0,,,,
1707681610858,,0.27,,
1707681610859,,,0.275,
1707681610864,0.285,,,
1707681611852,0.0,,,,
1707681611858,,0.28625,,
1707681611859,,,0.27,
1707681611864,0.27375,,,
1707681612852,0.00125,,,,
1707681612858,,0.27875,,
1707681612859,,,0.27375,
1707681612864,0.28125,,,
1707681613852,0.0,,,,
1707681613858,,0.27375,,
1707681613859,,,0.27875,
1707681613865,0.2775,,,
1707681614852,0.0,,,,
1707681614858,,0.28625,,
1707681614859,,,0.26375,
1707681614865,0.2825,,,
1707681615852,0.0,,,,
1707681615858,,0.28125,,
1707681615859,,,0.2725,
1707681615864,0.2775,,,
1707681616852,0.0,,,,
1707681616858,,0.27625,,
1707681616859,,,0.27375,
1707681616864,0.27875,,,
1707681617852,0.00625,,,,
1707681617858,,0.27625,,
1707681617859,,,0.27125,
1707681617865,0.28,,,
1707681618852,0.0,,,,
1707681618858,,0.28625,,
1707681618859,,,0.27125,
1707681618864,0.275,,,
1707681619852,0.0,,,,
1707681619858,,0.27625,,
1707681619859,,,0.2725,
1707681619864,0.27875,,,
1707681620852,0.00125,,,,
1707681620858,,0.2725,,
1707681620859,,,0.26625,
1707681620865,0.295,,,
1707681621852,0.0,,,,
1707681621858,,0.28625,,
1707681621859,,,0.27875,
1707681621864,0.26875,,,
1707681622852,0.0,,,,
1707681622858,,0.28,,
1707681622859,,,0.2725,
1707681622864,0.2775,,,
1707681623852,0.0,,,,
1707681623858,,0.27875,,
1707681623859,,,0.27375,
1707681623865,0.27625,,,
1707681624852,0.0,,,,
1707681624858,,0.2725,,
1707681624859,,,0.27,
1707681624865,0.28625,,,
1707681625852,0.0,,,,
1707681625858,,0.28625,,
1707681625859,,,0.27875,
1707681625864,0.26875,,,
1707681626852,0.0025,,,,
1707681626858,,0.28,,
1707681626859,,,0.27375,
1707681626865,0.2775,,,
1707681627852,0.0,,,,
1707681627858,,0.275,,
1707681627859,,,0.27,
1707681627865,0.28875,,,
1707681628852,0.0,,,,
1707681628858,,0.29,,
1707681628859,,,0.2725,
1707681628864,0.2725,,,
1707681629852,0.0,,,,
1707681629858,,0.27375,,
1707681629859,,,0.285,
1707681629865,0.275,,,
1707681630852,0.0,,,,
1707681630858,,0.2725,,
1707681630859,,,0.27,
1707681630865,0.2875,,,
1707681631852,0.0,,,,
1707681631858,,0.29125,,
1707681631859,,,0.2675,
1707681631864,0.27375,,,
1707681632852,0.05375,,,,
1707681632858,,0.2575,,
1707681632859,,,0.2775,
1707681632864,0.2575,,,
1707681633852,0.00125,,,,
1707681633858,,0.2725,,
1707681633859,,,0.27375,
1707681633864,0.29,,,
1707681634852,0.0,,,,
1707681634858,,0.2875,,
1707681634859,,,0.27125,
1707681634864,0.275,,,
1707681635852,0.0,,,,
1707681635858,,0.2775,,
1707681635859,,,0.275,
1707681635864,0.2775,,,
1707681636852,0.00125,,,,
1707681636858,,0.27125,,
1707681636859,,,0.275,
1707681636865,0.28375,,,
1707681637852,0.0,,,,
1707681637859,,,0.26723276723276723,
1707681637860,,0.2934565434565435,,
1707681637864,0.27625,,,
1707681638852,0.0,,,,
1707681638858,,0.2802802802802803,,
1707681638859,,,0.27152152152152154,
1707681638864,0.2775,,,
1707681639852,0.00125,,,,
1707681639858,,0.275,,
1707681639859,,,0.27,
1707681639864,0.29,,,
1707681640852,0.0,,,,
1707681640858,,0.27375,,
1707681640859,,,0.2825,
1707681640864,0.275,,,
1707681641852,0.0,,,,
1707681641858,,0.28875,,
1707681641859,,,0.27,
1707681641864,0.275,,,
1707681642852,0.0,,,,
1707681642858,,0.27375,,
1707681642859,,,0.2725,
1707681642865,0.2875,,,
1707681643852,0.0,,,,
1707681643858,,0.27875,,
1707681643859,,,0.2775,
1707681643864,0.2775,,,
1707681644852,0.0,,,,
1707681644858,,0.28375,,
1707681644859,,,0.28,
1707681644864,0.2725,,,
1707681645852,0.00125,,,,
1707681645858,,0.275,,
1707681645859,,,0.26625,
1707681645864,0.29,,,
1707681646852,0.0,,,,
1707681646858,,0.27875,,
1707681646859,,,0.27375,
1707681646864,0.28375,,,
1707681647852,0.0,,,,
1707681647858,,0.28625,,
1707681647859,,,0.2775,
1707681647865,0.27125,,,
1707681648852,0.0,,,,
1707681648858,,0.27375,,
1707681648859,,,0.27375,
1707681648865,0.28875,,,
1707681649852,0.00125,,,,
1707681649858,,0.28,,
1707681649859,,,0.27625,
1707681649864,0.27875,,,
1707681650852,0.0,,,,
1707681650858,,0.28875,,
1707681650859,,,0.26875,
1707681650864,0.28125,,,
1707681651852,0.0,,,,
1707681651858,,0.27125,,
1707681651859,,,0.28,
1707681651864,0.2875,,,
1707681652852,0.0,,,,
1707681652858,,0.28,,
1707681652859,,,0.275,
1707681652864,0.28,,,
1707681653852,0.0,,,,
1707681653858,,0.29,,
1707681653859,,,0.27,
1707681653864,0.2775,,,
1707681654852,0.0,,,,
1707681654858,,0.275,,
1707681654859,,,0.2725,
1707681654865,0.28875,,,
1707681655852,0.00125,,,,
1707681655858,,0.275,,
1707681655859,,,0.2825,
1707681655865,0.27625,,,
1707681656852,0.00125,,,,
1707681656858,,0.29,,
1707681656859,,,0.27125,
1707681656865,0.27875,,,
1707681657852,0.0,,,,
1707681657858,,0.275,,
1707681657859,,,0.26973026973026976,
1707681657865,0.2875,,,
1707681658852,0.00125,,,,
1707681658858,,0.275,,
1707681658859,,,0.2852852852852853,
1707681658864,0.2775,,,
1707681659852,0.0,,,,
1707681659858,,0.29,,
1707681659859,,,0.27375,
1707681659864,0.275,,,
1707681660852,0.0,,,,
1707681660858,,0.2775,,
1707681660859,,,0.2675,
1707681660864,0.2925,,,
1707681661852,0.0,,,,
1707681661858,,0.28625,,
1707681661859,,,0.26875,
1707681661864,0.2775,,,
1707681662852,0.00125,,,,
1707681662858,,0.27,,
1707681662859,,,0.28125,
1707681662864,0.28625,,,
1707681663852,0.0,,,,
1707681663858,,0.28125,,
1707681663859,,,0.275,
1707681663865,0.28,,,
1707681664852,0.0,,,,
1707681664858,,0.29,,
1707681664859,,,0.27125,
1707681664864,0.27625,,,
1707681665852,0.0,,,,
1707681665858,,0.27,,
1707681665859,,,0.28,
1707681665864,0.28625,,,
1707681666852,0.0,,,,
1707681666858,,0.28,,
1707681666859,,,0.27375,
1707681666864,0.2825,,,
1707681667852,0.0,,,,
1707681667858,,0.28875,,
1707681667859,,,0.27,
1707681667864,0.27625,,,
1707681668852,0.00125,,,,
1707681668858,,0.27375,,
1707681668859,,,0.270979020979021,
1707681668865,0.29,,,
1707681669852,0.0,,,,
1707681669858,,0.27375,,
1707681669859,,,0.28653653653653655,
1707681669864,0.27375,,,
1707681670852,0.0,,,,
1707681670858,,0.2825,,
1707681670859,,,0.2675,
1707681670864,0.28375,,,
1707681671852,0.0,,,,
1707681671858,,0.2825,,
1707681671859,,,0.27375,
1707681671864,0.27875,,,
1707681672852,0.0,,,,
1707681672858,,0.28875,,
1707681672859,,,0.28,
1707681672864,0.27,,,
1707681673852,0.00125,,,,
1707681673858,,0.275,,
1707681673859,,,0.27,
1707681673865,0.28625,,,
1707681674852,0.0,,,,
1707681674858,,0.27625,,
1707681674859,,,0.2825,
1707681674864,0.27625,,,
1707681675852,0.0,,,,
1707681675858,,0.28625,,
1707681675859,,,0.27125,
1707681675864,0.2725,,,
1707681676852,0.0,,,,
1707681676858,,0.26875,,
1707681676859,,,0.28125,
1707681676864,0.2875,,,
1707681677852,0.0,,,,
1707681677858,,0.28,,
1707681677859,,,0.27375,
1707681677865,0.27875,,,
1707681678852,0.0,,,,
1707681678858,,0.2825,,
1707681678859,,,0.26375,
1707681678864,0.28625,,,
1707681679852,0.00125,,,,
1707681679858,,0.275,,
1707681679859,,,0.28125,
1707681679864,0.27375,,,
1707681680852,0.00125,,,,
1707681680859,,0.28375,0.265984015984016,
1707681680871,0.27957256461232605,,,
1707681681852,0.0,,,,
1707681681858,,0.27375,,
1707681681859,,,0.26901901901901903,
1707681681864,0.2791750503018109,,,
1707681682852,0.0,,,,
1707681682858,,0.2775,,
1707681682859,,,0.27,
1707681682864,0.27625,,,
1707681683852,0.0,,,,
1707681683858,,0.27875,,
1707681683859,,,0.2725,
1707681683864,0.2775,,,
1707681684852,0.0,,,,
1707681684858,,0.28,,
1707681684859,,,0.27,
1707681684864,0.2775,,,
1707681685852,0.0,,,,
1707681685858,,0.285,,
1707681685859,,,0.2625,
1707681685865,0.28,,,
1707681686852,0.0,,,,
1707681686858,,0.27375,,
1707681686859,,,0.28,
1707681686864,0.275,,,
1707681687852,0.00125,,,,
1707681687858,,0.27875,,
1707681687859,,,0.27,
1707681687865,0.27875,,,
1707681688852,0.0,,,,
1707681688858,,0.27125,,
1707681688859,,,0.26,
1707681688864,0.2975,,,
1707681689852,0.0,,,,
1707681689858,,0.27125,,
1707681689859,,,0.28125,
1707681689864,0.2725,,,
1707681690852,0.0,,,,
1707681690858,,0.28125,,
1707681690859,,,0.25375,
1707681690865,0.29375,,,
1707681691852,0.0,,,,
1707681691858,,0.2775,,
1707681691859,,,0.26875,
1707681691864,0.27875,,,
1707681692852,0.0,,,,
1707681692858,,0.275,,
1707681692859,,,0.26973026973026976,
1707681692864,0.2825,,,
1707681693852,0.00125,,,,
1707681693858,,0.29375,,
1707681693859,,,0.2727727727727728,
1707681693864,0.265,,,
1707681694852,0.0,,,,
1707681694858,,0.2775,,
1707681694859,,,0.26875,
1707681694864,0.27875,,,
1707681695852,0.00125,,,,
1707681695858,,0.295,,
1707681695859,,,0.26,
1707681695864,0.27625,,,
1707681696852,0.0,,,,
1707681696858,,0.27375,,
1707681696859,,,0.27875,
1707681696864,0.27375,,,
1707681697852,0.0,,,,
1707681697858,,0.27875,,
1707681697859,,,0.27125,
1707681697864,0.28,,,
1707681698852,0.0,,,,
1707681698858,,0.275,,
1707681698859,,,0.26625,
1707681698864,0.29,,,
1707681699852,0.00125,,,,
1707681699858,,0.2725,,
1707681699859,,,0.2825,
1707681699865,0.27625,,,
1707681700852,0.0,,,,
1707681700858,,0.2875,,
1707681700859,,,0.26875,
1707681700864,0.27625,,,
1707681701852,0.0,,,,
1707681701858,,0.28,,
1707681701859,,,0.2725,
1707681701864,0.28,,,
1707681702852,0.0,,,,
1707681702858,,0.26875,,
1707681702859,,,0.2775,
1707681702865,0.28375,,,
1707681703852,0.0,,,,
1707681703858,,0.2875,,
1707681703859,,,0.26875,
1707681703864,0.27625,,,
1707681704852,0.0,,,,
1707681704858,,0.27875,,
1707681704859,,,0.2725,
1707681704864,0.28,,,
1707681705852,0.0,,,,
1707681705858,,0.275,,
1707681705859,,,0.28125,
1707681705864,0.275,,,
1707681706852,0.00125,,,,
1707681706858,,0.275,,
1707681706859,,,0.2675,
1707681706864,0.29125,,,
1707681707852,0.0,,,,
1707681707858,,0.2875,,
1707681707859,,,0.27,
1707681707864,0.275,,,
1707681708852,0.0,,,,
1707681708858,,0.27625,,
1707681708860,,,0.28471528471528473,
1707681708864,0.2775,,,
1707681709852,0.00125,,,,
1707681709858,,0.27375,,
1707681709859,,,0.26901901901901903,
1707681709865,0.29125,,,
1707681710852,0.0,,,,
1707681710858,,0.27875,,
1707681710859,,,0.275,
1707681710864,0.28125,,,
1707681711852,0.0,,,,
1707681711858,,0.28875,,
1707681711859,,,0.26875,
1707681711864,0.27625,,,
1707681712852,0.0,,,,
1707681712858,,0.275,,
1707681712859,,,0.28625,
1707681712865,0.27625,,,
1707681713852,0.0,,,,
1707681713858,,0.27375,,
1707681713859,,,0.2725,
1707681713864,0.29,,,
1707681714852,0.0,,,,
1707681714858,,0.29,,
1707681714859,,,0.26875,
1707681714864,0.2775,,,
1707681715852,0.0,,,,
1707681715858,,0.275,,
1707681715859,,,0.285,
1707681715864,0.27625,,,
1707681716852,0.00125,,,,
1707681716858,,0.27875,,
1707681716859,,,0.275,
1707681716864,0.28375,,,
1707681717852,0.0,,,,
1707681717858,,0.2725,,
1707681717865,0.29125,,,
1707681717868,,,0.27722772277227725,
1707681718852,0.0,,,,
1707681718858,,0.28625,,
1707681718859,,,0.2689393939393939,
1707681718864,0.27375,,,
1707681719852,0.00125,,,,
1707681719858,,0.275,,
1707681719859,,,0.27125,
1707681719864,0.2825,,,
1707681720852,0.00125,,,,
1707681720858,,0.26625,,
1707681720859,,,0.27625,
1707681720864,0.2875,,,
1707681721852,0.00125,,,,
1707681721858,,0.27625,,
1707681721859,,,0.27,
1707681721864,0.28375,,,
1707681722852,0.0,,,,
1707681722858,,0.285,,
1707681722859,,,0.26848151848151847,
1707681722864,0.27875,,,
1707681723852,0.0,,,,
1707681723858,,0.27375,,
1707681723859,,,0.28153153153153154,
1707681723864,0.27875,,,
1707681724852,0.0,,,,
1707681724858,,0.2725,,
1707681724859,,,0.2675,
1707681724864,0.29375,,,
1707681725852,0.0,,,,
1707681725858,,0.2875,,
1707681725859,,,0.2675,
1707681725864,0.275,,,
1707681726852,0.0,,,,
1707681726858,,0.27,,
1707681726859,,,0.285,
1707681726864,0.2775,,,
1707681727852,0.0,,,,
1707681727858,,0.2775,,
1707681727859,,,0.2775,
1707681727864,0.27875,,,
1707681728852,0.00125,,,,
1707681728858,,0.27125,,
1707681728859,,,0.2725,
1707681728864,0.29,,,
1707681729852,0.0,,,,
1707681729858,,0.28375,,
1707681729859,,,0.2775,
1707681729864,0.27125,,,
1707681730852,0.0,,,,
1707681730858,,0.27875,,
1707681730859,,,0.2725,
1707681730864,0.27875,,,
1707681731852,0.0,,,,
1707681731858,,0.27875,,
1707681731859,,,0.2725,
1707681731864,0.28,,,
1707681732852,0.0,,,,
1707681732858,,0.27,,
1707681732859,,,0.2775,
1707681732864,0.28625,,,
1707681733852,0.0,,,,
1707681733858,,0.2875,,
1707681733859,,,0.27125,
1707681733864,0.275,,,
1707681734852,0.0,,,,
1707681734858,,0.275,,
1707681734859,,,0.28375,
1707681734864,0.27625,,,
1707681735852,0.00125,,,,
1707681735858,,0.275,,
1707681735859,,,0.2675,
1707681735864,0.28875,,,
1707681736852,0.0,,,,
1707681736858,,0.2775,,
1707681736859,,,0.27125,
1707681736864,0.28125,,,
1707681737852,0.0,,,,
1707681737858,,0.2825,,
1707681737859,,,0.2775,
1707681737864,0.27125,,,
1707681738852,0.0,,,,
1707681738858,,0.2825,,
1707681738859,,,0.27,
1707681738864,0.27625,,,
1707681739852,0.00125,,,,
1707681739858,,0.275,,
1707681739859,,,0.26875,
1707681739864,0.29,,,
1707681740852,0.0,,,,
1707681740858,,0.2825,,
1707681740859,,,0.27625,
1707681740864,0.27375,,,
1707681741852,0.0,,,,
1707681741858,,0.2775,,
1707681741859,,,0.27375,
1707681741864,0.28,,,
1707681742852,0.00125,,,,
1707681742858,,0.27375,,
1707681742859,,,0.28125,
1707681742864,0.2775,,,
1707681743852,0.0,,,,
1707681743858,,0.275,,
1707681743859,,,0.27,
1707681743864,0.28875,,,
1707681744852,0.0,,,,
1707681744858,,0.29,,
1707681744859,,,0.26875,
1707681744864,0.27625,,,
1707681745852,0.0,,,,
1707681745858,,0.275,,
1707681745859,,,0.28375,
1707681745865,0.27875,,,
1707681746852,0.0,,,,
1707681746858,,0.275,,
1707681746859,,,0.2675,
1707681746864,0.29125,,,
1707681747852,0.0,,,,
1707681747858,,0.275,,
1707681747859,,,0.28375,
1707681747864,0.2775,,,
1707681748852,0.0,,,,
1707681748858,,0.2875,,
1707681748859,,,0.26848151848151847,
1707681748864,0.27875,,,
1707681749852,0.00125,,,,
1707681749858,,0.2775,,
1707681749859,,,0.2727727727727728,
1707681749864,0.28125,,,
1707681750852,0.0,,,,
1707681750858,,0.27,,
1707681750859,,,0.28,
1707681750864,0.28875,,,
1707681751852,0.0,,,,
1707681751858,,0.29125,,
1707681751859,,,0.26875,
1707681751864,0.275,,,
1707681752852,0.0,,,,
1707681752858,,0.2675,,
1707681752859,,,0.2947052947052947,
1707681752864,0.26875,,,
1707681753852,0.0,,,,
1707681753858,,0.28,,
1707681753859,,,0.2752752752752753,
1707681753864,0.27875,,,
1707681754852,0.0,,,,
1707681754858,,0.2725,,
1707681754859,,,0.26875,
1707681754864,0.29,,,
1707681755852,0.00125,,,,
1707681755858,,0.28,,
1707681755859,,,0.2875,
1707681755864,0.265,,,
1707681756852,0.0,,,,
1707681756858,,0.27625,,
1707681756859,,,0.2725,
1707681756864,0.2775,,,
1707681757852,0.0,,,,
1707681757858,,0.2725,,
1707681757859,,,0.2675,
1707681757864,0.29,,,
1707681758852,0.00125,,,,
1707681758858,,0.27625,,
1707681758859,,,0.26875,
1707681758864,0.28125,,,
1707681759852,0.0,,,,
1707681759858,,0.2875,,
1707681759859,,,0.26625,
1707681759864,0.275,,,
1707681760852,0.0,,,,
1707681760858,,0.275,,
1707681760859,,,0.27875,
1707681760864,0.27625,,,
1707681761852,0.0,,,,
1707681761858,,0.27375,,
1707681761859,,,0.26625,
1707681761865,0.29,,,
1707681762852,0.0,,,,
1707681762858,,0.28625,,
1707681762859,,,0.26625,
1707681762865,0.27625,,,
1707681763852,0.0,,,,
1707681763858,,0.27375,,
1707681763859,,,0.28375,
1707681763864,0.275,,,
1707681764852,0.00125,,,,
1707681764858,,0.27625,,
1707681764859,,,0.27625,
1707681764864,0.27875,,,
1707681765852,0.0,,,,
1707681765858,,0.275,,
1707681765859,,,0.2675,
1707681765865,0.29,,,
1707681766852,0.0,,,,
1707681766858,,0.29,,
1707681766859,,,0.26625,
1707681766864,0.27625,,,
1707681767852,0.0,,,,
1707681767858,,0.2725,,
1707681767859,,,0.28625,
1707681767864,0.2775,,,
1707681768852,0.0,,,,
1707681768858,,0.2725,,
1707681768859,,,0.26875,
1707681768864,0.2925,,,
1707681769852,0.0,,,,
1707681769858,,0.28,,
1707681769859,,,0.27375,
1707681769864,0.27875,,,
1707681770852,0.0,,,,
1707681770858,,0.29125,,
1707681770859,,,0.26875,
1707681770864,0.27625,,,
1707681771852,0.00125,,,,
1707681771858,,0.27625,,
1707681771859,,,0.280969030969031,
1707681771864,0.2775,,,
1707681772852,0.0,,,,
1707681772858,,0.27625,,
1707681772859,,,0.2702702702702703,
1707681772864,0.29125,,,
1707681773852,0.0,,,,
1707681773858,,0.29125,,
1707681773859,,,0.26875,
1707681773864,0.275,,,
1707681774852,0.00125,,,,
1707681774858,,0.27875,,
1707681774859,,,0.2725,
1707681774864,0.28,,,
1707681775852,0.0,,,,
1707681775858,,0.27,,
1707681775859,,,0.2775,
1707681775864,0.2875,,,
1707681776852,0.0,,,,
1707681776858,,0.2775,,
1707681776859,,,0.27375,
1707681776864,0.28,,,
1707681777852,0.0,,,,
1707681777858,,0.29125,,
1707681777859,,,0.2675,
1707681777864,0.27625,,,
1707681778852,0.0,,,,
1707681778858,,0.28125,,
1707681778859,,,0.27375,
1707681778864,0.2825,,,
1707681779852,0.0,,,,
1707681779858,,0.27,,
1707681779859,,,0.2775,
1707681779864,0.28625,,,
1707681780852,0.0,,,,
1707681780858,,0.29,,
1707681780859,,,0.2675,
1707681780864,0.27375,,,
1707681781852,0.00125,,,,
1707681781858,,0.2825,,
1707681781859,,,0.27375,
1707681781864,0.28,,,
1707681782852,0.0,,,,
1707681782858,,0.27875,,
1707681782859,,,0.26625,
1707681782865,0.29125,,,
1707681783852,0.0,,,,
1707681783858,,0.2775,,
1707681783859,,,0.285,
1707681783865,0.2775,,,
1707681784852,0.0,,,,
1707681784858,,0.29,,
1707681784859,,,0.26875,
1707681784864,0.27625,,,
1707681785852,0.0,,,,
1707681785858,,0.28,,
1707681785859,,,0.275,
1707681785864,0.2825,,,
1707681786852,0.0,,,,
1707681786858,,0.27125,,
1707681786859,,,0.27847152847152845,
1707681786864,0.28625,,,
1707681787852,0.0,,,,
1707681787858,,0.28875,,
1707681787859,,,0.2702702702702703,
1707681787864,0.27625,,,
1707681788852,0.00125,,,,
1707681788858,,0.27875,,
1707681788859,,,0.27375,
1707681788864,0.2825,,,
1707681789852,0.00125,,,,
1707681789858,,0.275,,
1707681789859,,,0.26875,
1707681789864,0.28875,,,
1707681790852,0.0,,,,
1707681790858,,0.2725,,
1707681790859,,,0.2825,
1707681790864,0.27875,,,
1707681791852,0.0,,,,
1707681791858,,0.29,,
1707681791859,,,0.27,
1707681791864,0.2775,,,
1707681792852,0.0,,,,
1707681792858,,0.27375,,
1707681792859,,,0.27,
1707681792864,0.29375,,,
1707681793852,0.0,,,,
1707681793858,,0.27875,,
1707681793859,,,0.27375,
1707681793864,0.2825,,,
1707681794852,0.0,,,,
1707681794858,,0.28625,,
1707681794859,,,0.27875,
1707681794864,0.27125,,,
1707681795852,0.00125,,,,
1707681795858,,0.27875,,
1707681795859,,,0.27375,
1707681795864,0.28375,,,
1707681796852,0.0,,,,
1707681796858,,0.275,,
1707681796859,,,0.27,
1707681796864,0.29,,,
1707681797852,0.0,,,,
1707681797858,,0.28,,
1707681797859,,,0.2725,
1707681797864,0.28,,,
1707681798852,0.0,,,,
1707681798858,,0.28375,,
1707681798859,,,0.2825,
1707681798864,0.27125,,,
1707681799852,0.0,,,,
1707681799858,,0.27375,,
1707681799859,,,0.26875,
1707681799864,0.29125,,,
1707681800852,0.0,,,,
1707681800858,,0.28125,,
1707681800859,,,0.275,
1707681800865,0.2825,,,
1707681801852,0.0,,,,
1707681801858,,0.2875,,
1707681801859,,,0.27,
1707681801864,0.275,,,
1707681802852,0.00125,,,,
1707681802858,,0.27,,
1707681802859,,,0.2775,
1707681802864,0.28875,,,
1707681803852,0.0,,,,
1707681803858,,0.2775,,
1707681803859,,,0.27375,
1707681803864,0.28125,,,
1707681804852,0.0,,,,
1707681804858,,0.2875,,
1707681804859,,,0.26875,
1707681804864,0.27625,,,
1707681805852,0.0,,,,
1707681805858,,0.26875,,
1707681805859,,,0.27875,
1707681805864,0.28375,,,
1707681806852,0.0,,,,
1707681806858,,0.28375,,
1707681806859,,,0.27375,
1707681806864,0.27625,,,
1707681807852,0.00125,,,,
1707681807858,,0.29,,
1707681807859,,,0.2675,
1707681807865,0.27625,,,
1707681808852,0.0,,,,
1707681808859,,0.27625,0.26848151848151847,
1707681808869,0.2922885572139303,,,
1707681809852,0.0,,,,
1707681809858,,0.26875,,
1707681809859,,,0.27902902902902904,
1707681809864,0.27889447236180903,,,
1707681810852,0.00125,,,,
1707681810858,,0.27875,,
1707681810859,,,0.27125,
1707681810864,0.28,,,
1707681811852,0.00125,,,,
1707681811858,,0.28875,,
1707681811859,,,0.2675,
1707681811865,0.275,,,
1707681812852,0.0,,,,
1707681812858,,0.27375,,
1707681812859,,,0.2675,
1707681812864,0.29,,,
1707681813852,0.0,,,,
1707681813858,,0.27625,,
1707681813859,,,0.2825,
1707681813864,0.27625,,,
1707681814852,0.0,,,,
1707681814858,,0.28875,,
1707681814859,,,0.27125,
1707681814864,0.275,,,
1707681815852,0.0,,,,
1707681815858,,0.2775,,
1707681815859,,,0.26875,
1707681815865,0.29125,,,
1707681816852,0.0,,,,
1707681816858,,0.27875,,
1707681816859,,,0.275,
1707681816864,0.28,,,
1707681817852,0.00125,,,,
1707681817858,,0.285,,
1707681817859,,,0.28,
1707681817864,0.27125,,,
1707681818852,0.0,,,,
1707681818858,,0.27625,,
1707681818859,,,0.2725,
1707681818864,0.28625,,,
1707681819852,0.0,,,,
1707681819858,,0.27875,,
1707681819859,,,0.27875,
1707681819864,0.28125,,,
1707681820852,0.0,,,,
1707681820858,,0.29,,
1707681820859,,,0.26875,
1707681820864,0.27625,,,
1707681821852,0.00125,,,,
1707681821858,,0.26875,,
1707681821859,,,0.28,
1707681821864,0.29125,,,
1707681822852,0.0,,,,
1707681822858,,0.27875,,
1707681822859,,,0.27375,
1707681822864,0.28625,,,
1707681823852,0.0,,,,
1707681823858,,0.29125,,
1707681823859,,,0.26875,
1707681823864,0.2775,,,
1707681824852,0.0,,,,
1707681824858,,0.27,,
1707681824859,,,0.2825,
1707681824865,0.2875,,,
1707681825852,0.0125,,,,
1707681825858,,0.27625,,
1707681825859,,,0.2725,
1707681825864,0.2775,,,
1707681826852,0.0,,,,
1707681826858,,0.29125,,
1707681826859,,,0.27,
1707681826881,0.28515240904621436,,,
1707681827852,0.0,,,,
1707681827858,,0.275,,
1707681827859,,,0.27,
1707681827865,0.2797558494404883,,,
1707681828852,0.0,,,,
1707681828858,,0.2775,,
1707681828859,,,0.28346653346653344,
1707681828864,0.27625,,,
1707681829852,0.0,,,,
1707681829858,,0.285,,
1707681829859,,,0.2627627627627628,
1707681829865,0.285,,,
1707681830852,0.0,,,,
1707681830858,,0.275,,
1707681830859,,,0.27375,
1707681830865,0.2825,,,
1707681831852,0.00125,,,,
1707681831858,,0.2775,,
1707681831859,,,0.2725,
1707681831864,0.28375,,,
1707681832852,0.0,,,,
1707681832858,,0.27625,,
1707681832859,,,0.275,
1707681832864,0.28375,,,
1707681833852,0.0,,,,
1707681833858,,0.285,,
1707681833859,,,0.27125,
1707681833864,0.27625,,,
1707681834852,0.00125,,,,
1707681834858,,0.2775,,
1707681834859,,,0.27375,
1707681834864,0.27875,,,
1707681835852,0.0,,,,
1707681835858,,0.28625,,
1707681835859,,,0.265,
1707681835864,0.28375,,,
1707681836852,0.0,,,,
1707681836858,,0.27375,,
1707681836859,,,0.28,
1707681836865,0.27375,,,
1707681837852,0.0,,,,
1707681837858,,0.27625,,
1707681837859,,,0.27375,
1707681837864,0.27875,,,
1707681838852,0.00125,,,,
1707681838858,,0.27875,,
1707681838859,,,0.27,
1707681838864,0.2875,,,
1707681839852,0.0,,,,
1707681839858,,0.2775,,
1707681839859,,,0.2725,
1707681839864,0.27875,,,
1707681840852,0.0,,,,
1707681840858,,0.2675,,
1707681840859,,,0.27875,
1707681840864,0.2875,,,
1707681841852,0.0,,,,
1707681841858,,0.28875,,
1707681841859,,,0.27,
1707681841864,0.275,,,
1707681842852,0.0,,,,
1707681842858,,0.27875,,
1707681842859,,,0.2725,
1707681842864,0.28,,,
1707681843852,0.0,,,,
1707681843858,,0.28,,
1707681843859,,,0.27625,
1707681843864,0.27875,,,
1707681844852,0.0,,,,
1707681844858,,0.27625,,
1707681844859,,,0.27625,
1707681844864,0.28,,,
1707681845852,0.00125,,,,
1707681845858,,0.2775,,
1707681845859,,,0.27625,
1707681845864,0.28,,,
1707681846852,0.0,,,,
1707681846858,,0.28375,,
1707681846859,,,0.26625,
1707681846864,0.285,,,
1707681847852,0.0,,,,
1707681847858,,0.27375,,
1707681847859,,,0.2825,
1707681847864,0.27625,,,
1707681848852,0.00125,,,,
1707681848858,,0.2825,,
1707681848859,,,0.2675,
1707681848865,0.2875,,,
1707681849852,0.0,,,,
1707681849858,,0.2875,,
1707681849859,,,0.27125,
1707681849865,0.27625,,,
1707681850852,0.0,,,,
1707681850858,,0.2775,,
1707681850859,,,0.2725,
1707681850864,0.2825,,,
1707681851852,0.00125,,,,
1707681851858,,0.27125,,
1707681851859,,,0.28125,
1707681851865,0.28375,,,
1707681852852,0.0,,,,
1707681852858,,0.28875,,
1707681852859,,,0.26875,
1707681852865,0.2775,,,
1707681853852,0.0,,,,
1707681853858,,0.27625,,
1707681853859,,,0.27,
1707681853864,0.29125,,,
1707681854852,0.0,,,,
1707681854858,,0.29125,,
1707681854859,,,0.27375,
1707681854864,0.275,,,
1707681855852,0.00125,,,,
1707681855858,,0.275,,
1707681855859,,,0.28625,
1707681855864,0.27375,,,
1707681856852,0.0,,,,
1707681856858,,0.27375,,
1707681856859,,,0.27125,
1707681856864,0.29,,,
1707681857852,0.0,,,,
1707681857858,,0.28875,,
1707681857859,,,0.27,
1707681857864,0.28125,,,
1707681858852,0.0,,,,
1707681858858,,0.26875,,
1707681858859,,,0.28,
1707681858864,0.2875,,,
1707681859852,0.0,,,,
1707681859858,,0.28625,,
1707681859859,,,0.26875,
1707681859864,0.28,,,
1707681860852,0.0,,,,
1707681860858,,0.27375,,
1707681860859,,,0.26848151848151847,
1707681860866,0.2931636726546906,,,
1707681861852,0.0,,,,
1707681861858,,0.27625,,
1707681861859,,,0.27152152152152154,
1707681861864,0.2843186372745491,,,
1707681862852,0.0,,,,
1707681862858,,0.2825,,
1707681862859,,,0.2775,
1707681862865,0.2725,,,
1707681863852,0.0,,,,
1707681863858,,0.26625,,
1707681863859,,,0.26375,
1707681863864,0.305,,,
1707681864852,0.00125,,,,
1707681864858,,0.2875,,
1707681864859,,,0.27,
1707681864864,0.27625,,,
1707681865852,0.0,,,,
1707681865858,,0.2675,,
1707681865859,,,0.275,
1707681865864,0.29625,,,
1707681866852,0.00125,,,,
1707681866858,,0.27625,,
1707681866859,,,0.2725,
1707681866864,0.285,,,
1707681867852,0.0,,,,
1707681867858,,0.28875,,
1707681867859,,,0.26875,
1707681867864,0.27625,,,
1707681868852,0.0,,,,
1707681868858,,0.28,,
1707681868859,,,0.27375,
1707681868864,0.28,,,
1707681869852,0.0,,,,
1707681869858,,0.2825,,
1707681869859,,,0.27875,
1707681869864,0.27,,,
1707681870852,0.0,,,,
1707681870858,,0.27625,,
1707681870859,,,0.27,
1707681870864,0.28875,,,
1707681871852,0.0,,,,
1707681871858,,0.30375,,
1707681871859,,,0.265,
1707681871864,0.26875,,,
1707681872852,0.0,,,,
1707681872858,,0.2825,,
1707681872859,,,0.27125,
1707681872864,0.28,,,
1707681873852,0.00125,,,,
1707681873858,,0.28,,
1707681873859,,,0.2825,
1707681873864,0.27625,,,
1707681874852,0.0,,,,
1707681874858,,0.29875,,
1707681874859,,,0.26125,
1707681874864,0.28125,,,
1707681875852,0.0,,,,
1707681875858,,0.28,,
1707681875859,,,0.27125,
1707681875864,0.28,,,
1707681876852,0.0,,,,
1707681876858,,0.27625,,
1707681876859,,,0.285,
1707681876864,0.2775,,,
1707681877852,0.0,,,,
1707681877858,,0.27875,,
1707681877859,,,0.2675,
1707681877864,0.29,,,
1707681878852,0.03875,,,,
1707681878858,,0.275,,
1707681878859,,,0.270979020979021,
1707681878865,0.275,,,
1707681879067,,,0,
1707681879068,0,,,
1707681879069,,0,,
1707681879071,0,