Timestamp,Slave 0,Slave 1,Slave 2,
1716454800846,0,,,,
1716454800855,,0,,
1716454800873,,,0,
1716454800877,0,,,
1716454800915,,149,,
1716454800926,53,,,,
1716454800936,149,,,
1716454800956,,,149,
1716454801850,53,,,,
1716454801858,,149,,
1716454801874,,,149,
1716454801879,149,,,
1716454802855,53,,,,
1716454802856,,149,,
1716454802874,,,149,
1716454802879,149,,,
1716454803849,53,,,,
1716454803856,,149,,
1716454803874,,,149,
1716454803878,149,,,
1716454804848,53,,,,
1716454804856,,149,,
1716454804874,,,149,
1716454804878,149,,,
1716454805849,53,,,,
1716454805856,,149,,
1716454805874,,,149,
1716454805878,149,,,
1716454806851,53,,,,
1716454806857,,149,,
1716454806874,,,149,
1716454806879,149,,,
1716454807856,53,,,,
1716454807857,,149,,
1716454807875,,,149,
1716454807889,149,,,
1716454808851,53,,,,
1716454808874,,,149,
1716454808878,149,,,
1716454808899,,149,,
1716454809848,53,,,,
1716454809856,,149,,
1716454809879,149,,149,
1716454810850,53,,,,
1716454810856,,149,,
1716454810874,,,149,
1716454810879,149,,,
1716454811850,53,,,,
1716454811856,,149,,
1716454811874,,,149,
1716454811879,149,,,
1716454812848,53,,,,
1716454812856,,149,,
1716454812875,,,149,
1716454812878,149,,,
1716454813850,53,,,,
1716454813856,,149,,
1716454813879,149,,,
1716454813912,,,149,
1716454814849,53,,,,
1716454814856,,149,,
1716454814875,,,149,
1716454814878,149,,,
1716454815849,53,,,,
1716454815863,,149,,
1716454815874,,,149,
1716454815878,149,,,
1716454816848,53,,,,
1716454816856,,149,,
1716454816874,,,149,
1716454816878,149,,,
1716454817850,53,,,,
1716454817856,,149,,
1716454817874,,,149,
1716454817878,149,,,
1716454818848,53,,,,
1716454818856,,149,,
1716454818874,,,149,
1716454818878,149,,,
1716454819848,53,,,,
1716454819856,,149,,
1716454819874,,,149,
1716454819878,149,,,
1716454820852,53,,,,
1716454820856,,149,,
1716454820874,,,149,
1716454820878,149,,,
1716454821853,53,,,,
1716454821856,,149,,
1716454821874,,,149,
1716454821888,149,,,
1716454822849,53,,,,
1716454822856,,149,,
1716454822874,,,149,
1716454822882,149,,,
1716454823849,53,,,,
1716454823856,,149,,
1716454823874,,,149,
1716454823878,149,,,
1716454824848,53,,,,
1716454824856,,149,,
1716454824874,,,149,
1716454824878,149,,,
1716454825853,53,,,,
1716454825858,,149,,
1716454825874,,,149,
1716454825878,149,,,
1716454826848,53,,,,
1716454826856,,149,,
1716454826874,,,149,
1716454826878,149,,,
1716454827848,53,,,,
1716454827856,,149,,
1716454827874,,,149,
1716454827878,149,,,
1716454828848,53,,,,
1716454828856,,149,,
1716454828874,,,149,
1716454828878,149,,,
1716454829848,53,,,,
1716454829856,,149,,
1716454829875,,,149,
1716454829881,149,,,
1716454830848,53,,,,
1716454830856,,149,,
1716454830875,,,149,
1716454830878,149,,,
1716454831849,53,,,,
1716454831856,,149,,
1716454831874,,,149,
1716454831907,149,,,
1716454832849,53,,,,
1716454832856,,149,,
1716454832874,,,149,
1716454832878,149,,,
1716454833849,53,,,,
1716454833856,,149,,
1716454833874,,,149,
1716454833878,149,,,
1716454834851,53,,,,
1716454834857,,149,,
1716454834875,,,149,
1716454834878,149,,,
1716454835848,53,,,,
1716454835856,,149,,
1716454835874,,,149,
1716454835878,149,,,
1716454836848,53,,,,
1716454836857,,149,,
1716454836874,,,149,
1716454836879,149,,,
1716454837848,53,,,,
1716454837856,,149,,
1716454837875,,,149,
1716454837878,149,,,
1716454838848,53,,,,
1716454838856,,149,,
1716454838874,,,149,
1716454838878,149,,,
1716454839848,53,,,,
1716454839856,,149,,
1716454839874,,,149,
1716454839879,149,,,
1716454840848,53,,,,
1716454840856,,149,,
1716454840874,,,149,
1716454840878,149,,,
1716454841847,53,,,,
1716454841856,,149,,
1716454841874,,,149,
1716454841878,149,,,
1716454842848,53,,,,
1716454842858,,149,,
1716454842875,,,149,
1716454842879,149,,,
1716454843848,53,,,,
1716454843856,,149,,
1716454843874,,,149,
1716454843878,149,,,
1716454844848,53,,,,
1716454844857,,149,,
1716454844874,,,149,
1716454844881,149,,,
1716454845848,53,,,,
1716454845858,,149,,
1716454845874,,,149,
1716454845880,149,,,
1716454846848,53,,,,
1716454846856,,149,,
1716454846874,,,149,
1716454846879,149,,,
1716454847848,53,,,,
1716454847862,,149,,
1716454847875,,,149,
1716454847880,149,,,
1716454848848,53,,,,
1716454848856,,149,,
1716454848874,,,149,
1716454848879,149,,,
1716454849848,53,,,,
1716454849856,,149,,
1716454849874,,,149,
1716454849879,149,,,
1716454850848,53,,,,
1716454850857,,149,,
1716454850877,,,149,
1716454850879,149,,,
1716454851848,53,,,,
1716454851856,,149,,
1716454851874,,,149,
1716454851878,149,,,
1716454852847,53,,,,
1716454852856,,149,,
1716454852874,,,149,
1716454852878,149,,,
1716454853847,53,,,,
1716454853856,,149,,
1716454853874,,,149,
1716454853878,149,,,
1716454854848,53,,,,
1716454854856,,149,,
1716454854874,,,149,
1716454854879,149,,,
1716454855856,,149,,
1716454855858,53,,,,
1716454855874,,,149,
1716454855878,149,,,
1716454856847,53,,,,
1716454856856,,149,,
1716454856874,,,149,
1716454856878,149,,,
1716454857848,53,,,,
1716454857857,,149,,
1716454857874,,,149,
1716454857879,149,,,
1716454858847,53,,,,
1716454858856,,149,,
1716454858874,,,149,
1716454858878,149,,,
1716454859847,53,,,,
1716454859856,,149,,
1716454859874,,,149,
1716454859878,149,,,
1716454860847,53,,,,
1716454860856,,149,,
1716454860874,,,149,
1716454860878,149,,,
1716454861847,53,,,,
1716454861856,,149,,
1716454861874,,,149,
1716454861878,149,,,
1716454862848,53,,,,
1716454862856,,149,,
1716454862874,,,149,
1716454862879,149,,,
1716454863848,53,,,,
1716454863857,,149,,
1716454863875,,,149,
1716454863879,149,,,
1716454864847,53,,,,
1716454864856,,149,,
1716454864874,,,149,
1716454864878,149,,,
1716454865847,53,,,,
1716454865856,,149,,
1716454865874,,,149,
1716454865878,149,,,
1716454866847,53,,,,
1716454866856,,149,,
1716454866875,,,149,
1716454866878,149,,,
1716454867847,53,,,,
1716454867856,,149,,
1716454867874,,,149,
1716454867878,149,,,
1716454868847,53,,,,
1716454868856,,149,,
1716454868874,,,149,
1716454868878,149,,,
1716454869847,53,,,,
1716454869856,,149,,
1716454869876,,,149,
1716454869878,149,,,
1716454870847,53,,,,
1716454870858,,149,,
1716454870874,,,149,
1716454870878,149,,,
1716454871847,53,,,,
1716454871857,,149,,
1716454871874,,,149,
1716454871878,149,,,
1716454872848,53,,,,
1716454872860,,149,,
1716454872874,,,149,
1716454872879,149,,,
1716454873847,53,,,,
1716454873856,,149,,
1716454873874,,,149,
1716454873878,149,,,
1716454874847,53,,,,
1716454874856,,149,,
1716454874874,,,149,
1716454874878,149,,,
1716454875847,53,,,,
1716454875856,,149,,
1716454875875,,,149,
1716454875878,149,,,
1716454876848,53,,,,
1716454876856,,150,,
1716454876874,,,149,
1716454876878,149,,,
1716454877847,53,,,,
1716454877856,,150,,
1716454877874,,,149,
1716454877878,149,,,
1716454878849,53,,,,
1716454878860,,149,,
1716454878874,,,149,
1716454878879,149,,,
1716454879847,53,,,,
1716454879856,,149,,
1716454879874,,,149,
1716454879878,149,,,
1716454880847,53,,,,
1716454880857,,149,,
1716454880875,,,149,
1716454880879,149,,,
1716454881847,53,,,,
1716454881856,,149,,
1716454881874,,,149,
1716454881878,149,,,
1716454882847,53,,,,
1716454882856,,149,,
1716454882876,,,149,
1716454882879,149,,,
1716454883848,53,,,,
1716454883856,,149,,
1716454883874,,,149,
1716454883879,149,,,
1716454884847,53,,,,
1716454884856,,149,,
1716454884874,,,149,
1716454884878,149,,,
1716454885847,53,,,,
1716454885857,,149,,
1716454885874,,,149,
1716454885878,149,,,
1716454886847,53,,,,
1716454886856,,149,,
1716454886874,,,149,
1716454886879,149,,,
1716454887847,53,,,,
1716454887856,,149,,
1716454887874,,,149,
1716454887878,149,,,
1716454888848,53,,,,
1716454888856,,149,,
1716454888875,,,149,
1716454888879,149,,,
1716454889848,53,,,,
1716454889856,,149,,
1716454889874,,,149,
1716454889878,149,,,
1716454890847,53,,,,
1716454890856,,149,,
1716454890874,,,149,
1716454890878,149,,,
1716454891847,53,,,,
1716454891856,,149,,
1716454891874,,,149,
1716454891878,149,,,
1716454892847,53,,,,
1716454892856,,149,,
1716454892874,,,149,
1716454892878,149,,,
1716454893847,53,,,,
1716454893856,,149,,
1716454893874,,,149,
1716454893878,149,,,
1716454894847,53,,,,
1716454894856,,149,,
1716454894874,,,149,
1716454894878,149,,,
1716454895847,53,,,,
1716454895856,,149,,
1716454895874,,,149,
1716454895878,149,,,
1716454896847,53,,,,
1716454896856,,149,,
1716454896874,,,149,
1716454896878,149,,,
1716454897847,53,,,,
1716454897856,,149,,
1716454897874,,,149,
1716454897879,149,,,
1716454898847,53,,,,
1716454898856,,149,,
1716454898874,,,149,
1716454898878,149,,,
1716454899848,53,,,,
1716454899856,,149,,
1716454899876,,,149,
1716454899879,149,,,
1716454900847,53,,,,
1716454900856,,149,,
1716454900874,,,149,
1716454900878,149,,,
1716454901847,53,,,,
1716454901856,,149,,
1716454901874,,,149,
1716454901878,149,,,
1716454902847,53,,,,
1716454902856,,149,,
1716454902874,,,149,
1716454902878,149,,,
1716454903847,53,,,,
1716454903856,,149,,
1716454903874,,,149,
1716454903878,149,,,
1716454904848,53,,,,
1716454904856,,149,,
1716454904874,,,149,
1716454904878,149,,,
1716454905847,53,,,,
1716454905856,,149,,
1716454905874,,,149,
1716454905878,149,,,
1716454906847,53,,,,
1716454906856,,149,,
1716454906874,,,149,
1716454906878,149,,,
1716454907847,53,,,,
1716454907856,,149,,
1716454907874,,,149,
1716454907878,149,,,
1716454908847,53,,,,
1716454908856,,149,,
1716454908874,,,149,
1716454908878,149,,,
1716454909847,53,,,,
1716454909856,,149,,
1716454909874,,,149,
1716454909878,149,,,
1716454910847,53,,,,
1716454910856,,149,,
1716454910874,,,149,
1716454910879,149,,,
1716454911847,53,,,,
1716454911856,,149,,
1716454911874,,,149,
1716454911878,149,,,
1716454912847,53,,,,
1716454912856,,149,,
1716454912874,,,149,
1716454912878,149,,,
1716454913847,53,,,,
1716454913856,,149,,
1716454913874,,,149,
1716454913878,149,,,
1716454914847,53,,,,
1716454914856,,149,,
1716454914874,,,149,
1716454914878,149,,,
1716454915847,53,,,,
1716454915856,,149,,
1716454915874,,,149,
1716454915878,149,,,
1716454916847,53,,,,
1716454916856,,149,,
1716454916874,,,149,
1716454916878,149,,,
1716454917847,53,,,,
1716454917856,,149,,
1716454917874,,,149,
1716454917878,149,,,
1716454918847,53,,,,
1716454918856,,149,,
1716454918875,,,149,
1716454918879,149,,,
1716454919847,53,,,,
1716454919856,,149,,
1716454919874,,,149,
1716454919878,149,,,
1716454920848,53,,,,
1716454920856,,149,,
1716454920874,,,149,
1716454920878,149,,,
1716454921847,53,,,,
1716454921856,,149,,
1716454921874,,,149,
1716454921878,149,,,
1716454922847,53,,,,
1716454922856,,149,,
1716454922874,,,149,
1716454922878,149,,,
1716454923847,53,,,,
1716454923856,,149,,
1716454923874,,,149,
1716454923878,149,,,
1716454924847,53,,,,
1716454924856,,149,,
1716454924874,,,149,
1716454924878,149,,,
1716454925847,53,,,,
1716454925856,,149,,
1716454925875,,,149,
1716454925879,149,,,
1716454926847,53,,,,
1716454926856,,149,,
1716454926874,,,149,
1716454926878,149,,,
1716454927850,53,,,,
1716454927858,,149,,
1716454927876,,,149,
1716454927881,149,,,
1716454928848,53,,,,
1716454928856,,149,,
1716454928874,,,149,
1716454928878,149,,,
1716454929847,53,,,,
1716454929856,,149,,
1716454929874,,,149,
1716454929878,149,,,
1716454930847,53,,,,
1716454930856,,149,,
1716454930874,,,149,
1716454930878,149,,,
1716454931847,53,,,,
1716454931856,,149,,
1716454931874,,,149,
1716454931878,149,,,
1716454932847,53,,,,
1716454932856,,149,,
1716454932874,,,149,
1716454932879,149,,,
1716454933847,53,,,,
1716454933856,,149,,
1716454933874,,,149,
1716454933878,149,,,
1716454934847,53,,,,
1716454934856,,149,,
1716454934874,,,149,
1716454934879,149,,,
1716454935847,53,,,,
1716454935856,,149,,
1716454935874,,,149,
1716454935878,149,,,
1716454936847,53,,,,
1716454936856,,149,,
1716454936881,149,,,
1716454936896,,,149,
1716454937847,53,,,,
1716454937856,,149,,
1716454937874,,,149,
1716454937878,149,,,
1716454938847,53,,,,
1716454938856,,149,,
1716454938874,,,149,
1716454938878,149,,,
1716454939847,53,,,,
1716454939856,,149,,
1716454939874,,,149,
1716454939878,149,,,
1716454940848,53,,,,
1716454940856,,149,,
1716454940874,,,149,
1716454940878,149,,,
1716454941847,53,,,,
1716454941856,,149,,
1716454941874,,,149,
1716454941878,149,,,
1716454942847,53,,,,
1716454942856,,149,,
1716454942874,,,149,
1716454942878,149,,,
1716454943847,53,,,,
1716454943856,,149,,
1716454943874,,,149,
1716454943879,149,,,
1716454944848,53,,,,
1716454944856,,149,,
1716454944874,,,149,
1716454944878,149,,,
1716454945847,53,,,,
1716454945856,,149,,
1716454945874,,,149,
1716454945878,149,,,
1716454946848,53,,,,
1716454946856,,149,,
1716454946874,,,149,
1716454946878,149,,,
1716454947847,53,,,,
1716454947856,,149,,
1716454947874,,,149,
1716454947878,149,,,
1716454948847,53,,,,
1716454948856,,149,,
1716454948874,,,149,
1716454948878,149,,,
1716454949847,53,,,,
1716454949856,,149,,
1716454949874,,,149,
1716454949878,149,,,
1716454950847,53,,,,
1716454950856,,149,,
1716454950874,,,149,
1716454950878,149,,,
1716454951847,53,,,,
1716454951856,,149,,
1716454951874,,,149,
1716454951878,149,,,
1716454952847,53,,,,
1716454952856,,149,,
1716454952874,,,149,
1716454952878,149,,,
1716454953847,53,,,,
1716454953856,,149,,
1716454953874,,,149,
1716454953878,149,,,
1716454954847,53,,,,
1716454954856,,149,,
1716454954874,,,149,
1716454954878,149,,,
1716454955847,53,,,,
1716454955856,,149,,
1716454955874,,,149,
1716454955878,149,,,
1716454956847,53,,,,
1716454956856,,149,,
1716454956874,,,149,
1716454956878,149,,,
1716454957847,53,,,,
1716454957856,,149,,
1716454957874,,,149,
1716454957878,149,,,
1716454958847,53,,,,
1716454958856,,149,,
1716454958874,,,149,
1716454958878,149,,,
1716454959847,53,,,,
1716454959856,,149,,
1716454959874,,,149,
1716454959878,149,,,
1716454960848,53,,,,
1716454960856,,149,,
1716454960875,,,149,
1716454960878,149,,,
1716454961847,53,,,,
1716454961856,,149,,
1716454961874,,,149,
1716454961878,149,,,
1716454962847,53,,,,
1716454962856,,149,,
1716454962874,,,149,
1716454962878,149,,,
1716454963847,53,,,,
1716454963856,,149,,
1716454963874,,,149,
1716454963878,149,,,
1716454964847,53,,,,
1716454964856,,149,,
1716454964874,,,149,
1716454964878,149,,,
1716454965847,53,,,,
1716454965856,,149,,
1716454965874,,,149,
1716454965880,149,,,
1716454966847,53,,,,
1716454966856,,149,,
1716454966874,,,149,
1716454966878,149,,,
1716454967847,53,,,,
1716454967856,,149,,
1716454967874,,,149,
1716454967878,149,,,
1716454968847,53,,,,
1716454968856,,149,,
1716454968874,,,149,
1716454968878,149,,,
1716454969847,53,,,,
1716454969856,,149,,
1716454969874,,,149,
1716454969878,149,,,
1716454970847,53,,,,
1716454970856,,149,,
1716454970874,,,149,
1716454970878,149,,,
1716454971847,53,,,,
1716454971856,,149,,
1716454971874,,,149,
1716454971878,149,,,
1716454972847,54,,,,
1716454972856,,149,,
1716454972874,,,149,
1716454972878,149,,,
1716454973847,53,,,,
1716454973856,,149,,
1716454973874,,,149,
1716454973878,149,,,
1716454974847,53,,,,
1716454974856,,149,,
1716454974874,,,149,
1716454974879,149,,,
1716454975847,53,,,,
1716454975856,,149,,
1716454975874,,,149,
1716454975878,149,,,
1716454976847,53,,,,
1716454976858,,149,,
1716454976876,,,149,
1716454976880,149,,,
1716454977847,53,,,,
1716454977856,,149,,
1716454977874,,,149,
1716454977878,149,,,
1716454978847,53,,,,
1716454978856,,149,,
1716454978874,,,149,
1716454978891,149,,,
1716454979847,53,,,,
1716454979856,,149,,
1716454979874,,,149,
1716454979878,149,,,
1716454980847,53,,,,
1716454980857,,149,,
1716454980874,,,149,
1716454980878,149,,,
1716454981847,53,,,,
1716454981856,,149,,
1716454981874,,,149,
1716454981878,149,,,
1716454982847,53,,,,
1716454982856,,149,,
1716454982874,,,149,
1716454982878,149,,,
1716454983848,53,,,,
1716454983856,,149,,
1716454983874,,,149,
1716454983880,149,,,
1716454984847,53,,,,
1716454984856,,149,,
1716454984874,,,149,
1716454984878,149,,,
1716454985847,53,,,,
1716454985856,,149,,
1716454985874,,,149,
1716454985878,149,,,
1716454986847,53,,,,
1716454986856,,149,,
1716454986874,,,149,
1716454986878,149,,,
1716454987847,53,,,,
1716454987856,,149,,
1716454987874,,,149,
1716454987878,149,,,
1716454988847,53,,,,
1716454988856,,149,,
1716454988874,,,149,
1716454988878,149,,,
1716454989847,53,,,,
1716454989856,,149,,
1716454989874,,,149,
1716454989878,149,,,
1716454990847,53,,,,
1716454990856,,149,,
1716454990874,,,149,
1716454990878,149,,,
1716454991847,53,,,,
1716454991856,,149,,
1716454991874,,,149,
1716454991878,149,,,
1716454992847,53,,,,
1716454992856,,149,,
1716454992874,,,149,
1716454992878,149,,,
1716454993847,53,,,,
1716454993856,,149,,
1716454993874,,,149,
1716454993878,149,,,
1716454994847,53,,,,
1716454994856,,149,,
1716454994874,,,149,
1716454994878,149,,,
1716454995847,53,,,,
1716454995856,,149,,
1716454995874,,,149,
1716454995878,149,,,
1716454996847,53,,,,
1716454996856,,149,,
1716454996874,,,149,
1716454996878,149,,,
1716454997848,53,,,,
1716454997856,,149,,
1716454997874,,,149,
1716454997878,149,,,
1716454998847,53,,,,
1716454998856,,149,,
1716454998874,,,149,
1716454998878,149,,,
1716454999847,53,,,,
1716454999856,,149,,
1716454999874,,,149,
1716454999878,149,,,
1716455000847,53,,,,
1716455000856,,149,,
1716455000874,,,149,
1716455000878,149,,,
1716455001847,53,,,,
1716455001856,,149,,
1716455001874,,,149,
1716455001878,150,,,
1716455002848,53,,,,
1716455002856,,149,,
1716455002874,,,149,
1716455002879,149,,,
1716455003847,53,,,,
1716455003856,,149,,
1716455003874,,,149,
1716455003878,149,,,
1716455004847,53,,,,
1716455004856,,149,,
1716455004875,,,149,
1716455004878,149,,,
1716455005847,53,,,,
1716455005856,,149,,
1716455005874,,,149,
1716455005878,149,,,
1716455006847,53,,,,
1716455006856,,149,,
1716455006874,,,149,
1716455006878,149,,,
1716455007847,53,,,,
1716455007856,,149,,
1716455007874,,,149,
1716455007878,149,,,
1716455008847,53,,,,
1716455008856,,149,,
1716455008874,,,149,
1716455008878,149,,,
1716455009847,53,,,,
1716455009856,,149,,
1716455009874,,,149,
1716455009878,149,,,
1716455010847,53,,,,
1716455010856,,149,,
1716455010874,,,149,
1716455010878,149,,,
1716455011847,53,,,,
1716455011856,,149,,
1716455011874,,,149,
1716455011878,149,,,
1716455012847,53,,,,
1716455012856,,149,,
1716455012874,,,149,
1716455012878,149,,,
1716455013847,53,,,,
1716455013856,,149,,
1716455013874,,,149,
1716455013879,149,,,
1716455014847,53,,,,
1716455014856,,149,,
1716455014874,,,149,
1716455014878,149,,,
1716455015847,53,,,,
1716455015856,,149,,
1716455015874,,,149,
1716455015878,149,,,
1716455016847,53,,,,
1716455016856,,149,,
1716455016874,,,149,
1716455016878,149,,,
1716455017847,53,,,,
1716455017856,,149,,
1716455017874,,,149,
1716455017878,149,,,
1716455018847,53,,,,
1716455018856,,149,,
1716455018874,,,149,
1716455018878,149,,,
1716455019847,53,,,,
1716455019856,,149,,
1716455019874,,,149,
1716455019878,149,,,
1716455020847,53,,,,
1716455020856,,149,,
1716455020874,,,149,
1716455020878,149,,,
1716455021847,53,,,,
1716455021856,,149,,
1716455021874,,,149,
1716455021878,149,,,
1716455022847,53,,,,
1716455022856,,149,,
1716455022874,,,149,
1716455022878,149,,,
1716455023847,53,,,,
1716455023856,,149,,
1716455023874,,,149,
1716455023878,149,,,
1716455024847,53,,,,
1716455024856,,149,,
1716455024874,,,149,
1716455024878,149,,,
1716455025847,53,,,,
1716455025856,,149,,
1716455025874,,,149,
1716455025878,149,,,
1716455026847,53,,,,
1716455026856,,149,,
1716455026874,,,149,
1716455026878,149,,,
1716455027847,53,,,,
1716455027856,,149,,
1716455027874,,,149,
1716455027878,149,,,
1716455028847,53,,,,
1716455028856,,149,,
1716455028874,,,149,
1716455028878,149,,,
1716455029847,53,,,,
1716455029856,,149,,
1716455029874,,,149,
1716455029878,149,,,
1716455030847,53,,,,
1716455030856,,149,,
1716455030874,,,149,
1716455030878,149,,,
1716455031847,53,,,,
1716455031856,,149,,
1716455031874,,,149,
1716455031878,149,,,
1716455032847,53,,,,
1716455032856,,149,,
1716455032874,,,149,
1716455032878,149,,,
1716455033847,53,,,,
1716455033856,,149,,
1716455033874,,,149,
1716455033878,149,,,
1716455034847,53,,,,
1716455034856,,149,,
1716455034874,,,149,
1716455034878,149,,,
1716455035847,53,,,,
1716455035856,,149,,
1716455035874,,,149,
1716455035878,149,,,
1716455036847,53,,,,
1716455036856,,149,,
1716455036874,,,149,
1716455036878,149,,,
1716455037847,53,,,,
1716455037856,,149,,
1716455037874,,,149,
1716455037878,149,,,
1716455038847,53,,,,
1716455038856,,149,,
1716455038874,,,149,
1716455038878,149,,,
1716455039847,53,,,,
1716455039856,,149,,
1716455039874,,,149,
1716455039878,149,,,
1716455040847,53,,,,
1716455040856,,149,,
1716455040874,,,149,
1716455040878,149,,,
1716455041847,53,,,,
1716455041856,,149,,
1716455041874,,,149,
1716455041878,149,,,
1716455042847,53,,,,
1716455042856,,149,,
1716455042874,,,149,
1716455042878,149,,,
1716455043847,53,,,,
1716455043856,,149,,
1716455043874,,,149,
1716455043878,149,,,
1716455044847,53,,,,
1716455044856,,149,,
1716455044874,,,149,
1716455044878,149,,,
1716455045847,53,,,,
1716455045861,,149,,
1716455045874,,,149,
1716455045881,149,,,
1716455046847,53,,,,
1716455046856,,149,,
1716455046874,,,149,
1716455046878,149,,,
1716455047847,53,,,,
1716455047856,,149,,
1716455047874,,,149,
1716455047878,149,,,
1716455048847,53,,,,
1716455048856,,149,,
1716455048874,,,149,
1716455048878,149,,,
1716455049847,53,,,,
1716455049856,,149,,
1716455049874,,,149,
1716455049878,149,,,
1716455050847,53,,,,
1716455050856,,149,,
1716455050874,,,149,
1716455050878,149,,,
1716455051847,53,,,,
1716455051856,,149,,
1716455051874,,,149,
1716455051878,149,,,
1716455052847,53,,,,
1716455052856,,149,,
1716455052874,,,149,
1716455052878,149,,,
1716455053847,53,,,,
1716455053856,,149,,
1716455053874,,,149,
1716455053878,149,,,
1716455054847,53,,,,
1716455054856,,149,,
1716455054874,,,149,
1716455054878,149,,,
1716455055847,53,,,,
1716455055856,,149,,
1716455055874,,,149,
1716455055878,149,,,
1716455056847,53,,,,
1716455056856,,149,,
1716455056874,,,149,
1716455056878,149,,,
1716455057847,53,,,,
1716455057856,,149,,
1716455057874,,,149,
1716455057878,149,,,
1716455058847,53,,,,
1716455058856,,149,,
1716455058874,,,149,
1716455058878,149,,,
1716455059854,53,,,,
1716455059856,,149,,
1716455059874,,,149,
1716455059878,149,,,
1716455060847,53,,,,
1716455060856,,149,,
1716455060874,,,149,
1716455060878,149,,,
1716455061847,53,,,,
1716455061856,,149,,
1716455061874,,,149,
1716455061879,149,,,
1716455062847,53,,,,
1716455062856,,149,,
1716455062874,,,149,
1716455062878,149,,,
1716455063847,53,,,,
1716455063856,,149,,
1716455063874,,,149,
1716455063878,149,,,
1716455064847,53,,,,
1716455064856,,149,,
1716455064874,,,149,
1716455064878,149,,,
1716455065847,53,,,,
1716455065856,,149,,
1716455065874,,,149,
1716455065878,149,,,
1716455066847,53,,,,
1716455066856,,149,,
1716455066874,,,149,
1716455066878,149,,,
1716455067847,53,,,,
1716455067856,,149,,
1716455067874,,,149,
1716455067879,149,,,
1716455068847,53,,,,
1716455068856,,149,,
1716455068874,,,149,
1716455068878,149,,,
1716455069847,53,,,,
1716455069856,,149,,
1716455069874,,,149,
1716455069878,149,,,
1716455070847,53,,,,
1716455070856,,149,,
1716455070874,,,149,
1716455070878,149,,,
1716455071847,53,,,,
1716455071856,,149,,
1716455071874,,,149,
1716455071878,149,,,
1716455072847,53,,,,
1716455072856,,149,,
1716455072874,,,149,
1716455072878,149,,,
1716455073848,53,,,,
1716455073856,,149,,
1716455073874,,,149,
1716455073880,149,,,
1716455074847,53,,,,
1716455074856,,149,,
1716455074874,,,149,
1716455074878,149,,,
1716455075847,53,,,,
1716455075856,,149,,
1716455075874,,,149,
1716455075878,149,,,
1716455076847,53,,,,
1716455076857,,149,,
1716455076874,,,149,
1716455076880,149,,,
1716455077847,53,,,,
1716455077856,,149,,
1716455077874,,,149,
1716455077879,149,,,
1716455078847,53,,,,
1716455078856,,149,,
1716455078873,,,149,
1716455078878,149,,,
1716455079847,53,,,,
1716455079856,,149,,
1716455079874,,,149,
1716455079878,149,,,
1716455080847,53,,,,
1716455080856,,149,,
1716455080874,,,149,
1716455080879,149,,,
1716455081847,53,,,,
1716455081856,,149,,
1716455081874,,,149,
1716455081879,149,,,
1716455082847,53,,,,
1716455082856,,149,,
1716455082874,,,149,
1716455082878,149,,,
1716455083847,53,,,,
1716455083856,,149,,
1716455083874,,,149,
1716455083878,149,,,
1716455084848,53,,,,
1716455084856,,149,,
1716455084874,,,149,
1716455084878,149,,,
1716455085847,53,,,,
1716455085856,,149,,
1716455085874,,,149,
1716455085878,149,,,
1716455086848,53,,,,
1716455086856,,149,,
1716455086874,,,149,
1716455086879,149,,,
1716455087847,53,,,,
1716455087856,,149,,
1716455087874,,,149,
1716455087878,149,,,
1716455088847,53,,,,
1716455088856,,149,,
1716455088874,,,149,
1716455088878,149,,,
1716455089847,53,,,,
1716455089856,,149,,
1716455089874,,,149,
1716455089878,149,,,
1716455090847,53,,,,
1716455090856,,149,,
1716455090874,,,149,
1716455090878,149,,,
1716455091847,53,,,,
1716455091856,,149,,
1716455091874,,,149,
1716455091878,149,,,
1716455092847,53,,,,
1716455092856,,149,,
1716455092874,,,149,
1716455092878,149,,,
1716455093847,53,,,,
1716455093856,,149,,
1716455093874,,,149,
1716455093878,149,,,
1716455094847,53,,,,
1716455094856,,149,,
1716455094874,,,149,
1716455094878,149,,,
1716455095847,53,,,,
1716455095856,,149,,
1716455095874,,,149,
1716455095878,149,,,
1716455096847,53,,,,
1716455096856,,149,,
1716455096874,,,149,
1716455096878,149,,,
1716455097847,53,,,,
1716455097856,,149,,
1716455097874,,,149,
1716455097878,149,,,
1716455098847,53,,,,
1716455098856,,149,,
1716455098874,,,149,
1716455098878,149,,,
1716455099847,53,,,,
1716455099856,,149,,
1716455099874,,,149,
1716455099878,149,,,
1716455100847,53,,,,
1716455100856,,149,,
1716455100874,,,149,
1716455100878,149,,,
1716455101847,53,,,,
1716455101856,,149,,
1716455101874,,,149,
1716455101878,149,,,
1716455102847,53,,,,
1716455102856,,149,,
1716455102874,,,149,
1716455102878,149,,,
1716455103847,53,,,,
1716455103856,,149,,
1716455103874,,,149,
1716455103878,149,,,
1716455104847,53,,,,
1716455104856,,149,,
1716455104874,,,149,
1716455104878,149,,,
1716455105847,53,,,,
1716455105856,,149,,
1716455105874,,,149,
1716455105878,149,,,
1716455106847,53,,,,
1716455106856,,149,,
1716455106874,,,149,
1716455106878,149,,,
1716455107847,53,,,,
1716455107856,,149,,
1716455107874,,,149,
1716455107879,149,,,
1716455108847,53,,,,
1716455108856,,149,,
1716455108874,,,149,
1716455108878,149,,,
1716455109847,53,,,,
1716455109856,,149,,
1716455109874,,,149,
1716455109878,149,,,
1716455110847,53,,,,
1716455110856,,149,,
1716455110874,,,149,
1716455110878,149,,,
1716455111847,53,,,,
1716455111856,,149,,
1716455111874,,,149,
1716455111878,149,,,
1716455112847,53,,,,
1716455112856,,149,,
1716455112874,,,149,
1716455112878,149,,,
1716455113847,53,,,,
1716455113856,,149,,
1716455113874,,,149,
1716455113878,149,,,
1716455114847,53,,,,
1716455114856,,149,,
1716455114874,,,149,
1716455114878,149,,,
1716455115847,53,,,,
1716455115856,,149,,
1716455115874,,,149,
1716455115878,149,,,
1716455116847,54,,,,
1716455116856,,149,,
1716455116874,,,149,
1716455116878,149,,,
1716455117847,53,,,,
1716455117856,,149,,
1716455117874,,,149,
1716455117878,149,,,
1716455118847,53,,,,
1716455118856,,149,,
1716455118874,,,149,
1716455118878,149,,,
1716455119847,53,,,,
1716455119856,,149,,
1716455119874,,,149,
1716455119878,149,,,
1716455120847,53,,,,
1716455120856,,149,,
1716455120874,,,149,
1716455120878,149,,,
1716455121847,53,,,,
1716455121856,,149,,
1716455121874,,,149,
1716455121878,149,,,
1716455122847,53,,,,
1716455122856,,149,,
1716455122874,,,149,
1716455122878,149,,,
1716455123847,53,,,,
1716455123856,,149,,
1716455123874,,,149,
1716455123878,149,,,
1716455124847,53,,,,
1716455124856,,149,,
1716455124874,,,149,
1716455124878,149,,,
1716455125847,53,,,,
1716455125856,,149,,
1716455125874,,,149,
1716455125878,149,,,
1716455126847,53,,,,
1716455126856,,149,,
1716455126874,,,149,
1716455126878,149,,,
1716455127847,53,,,,
1716455127856,,149,,
1716455127874,,,149,
1716455127878,149,,,
1716455128848,53,,,,
1716455128856,,149,,
1716455128874,,,149,
1716455128878,149,,,
1716455129847,53,,,,
1716455129856,,149,,
1716455129874,,,149,
1716455129878,149,,,
1716455130847,53,,,,
1716455130856,,149,,
1716455130874,,,149,
1716455130878,149,,,
1716455131847,53,,,,
1716455131856,,149,,
1716455131874,,,149,
1716455131878,149,,,
1716455132847,53,,,,
1716455132856,,149,,
1716455132874,,,149,
1716455132878,149,,,
1716455133847,53,,,,
1716455133856,,149,,
1716455133874,,,149,
1716455133878,149,,,
1716455134847,53,,,,
1716455134856,,149,,
1716455134874,,,149,
1716455134878,149,,,
1716455135847,53,,,,
1716455135856,,149,,
1716455135874,,,149,
1716455135878,149,,,
1716455136847,53,,,,
1716455136856,,149,,
1716455136874,,,149,
1716455136878,149,,,
1716455137847,53,,,,
1716455137856,,149,,
1716455137874,,,149,
1716455137878,149,,,
1716455138847,53,,,,
1716455138856,,149,,
1716455138874,,,149,
1716455138878,149,,,
1716455139847,53,,,,
1716455139856,,149,,
1716455139874,,,149,
1716455139878,149,,,
1716455140847,53,,,,
1716455140856,,149,,
1716455140874,,,149,
1716455140878,149,,,
1716455141848,53,,,,
1716455141856,,149,,
1716455141874,,,149,
1716455141878,149,,,
1716455142847,53,,,,
1716455142856,,149,,
1716455142874,,,149,
1716455142878,149,,,
1716455143847,53,,,,
1716455143856,,149,,
1716455143874,,,149,
1716455143878,149,,,
1716455144847,53,,,,
1716455144856,,149,,
1716455144874,,,149,
1716455144878,149,,,
1716455145847,53,,,,
1716455145856,,149,,
1716455145873,,,149,
1716455145878,149,,,
1716455146847,53,,,,
1716455146856,,149,,
1716455146874,,,149,
1716455146878,149,,,
1716455147847,53,,,,
1716455147856,,149,,
1716455147874,,,149,
1716455147878,149,,,
1716455148847,53,,,,
1716455148856,,149,,
1716455148874,,,149,
1716455148878,149,,,
1716455149848,53,,,,
1716455149856,,149,,
1716455149874,,,149,
1716455149878,149,,,
1716455150847,53,,,,
1716455150856,,149,,
1716455150874,,,149,
1716455150878,149,,,
1716455151847,53,,,,
1716455151856,,149,,
1716455151874,,,149,
1716455151878,149,,,
1716455152847,53,,,,
1716455152856,,149,,
1716455152874,,,149,
1716455152878,149,,,
1716455153847,53,,,,
1716455153856,,149,,
1716455153874,,,149,
1716455153878,149,,,
1716455154847,53,,,,
1716455154856,,149,,
1716455154874,,,149,
1716455154878,149,,,
1716455155847,53,,,,
1716455155856,,149,,
1716455155874,,,149,
1716455155878,149,,,
1716455156847,53,,,,
1716455156856,,149,,
1716455156874,,,149,
1716455156879,149,,,
1716455157847,53,,,,
1716455157856,,149,,
1716455157874,,,149,
1716455157878,149,,,
1716455158847,53,,,,
1716455158856,,149,,
1716455158873,,,149,
1716455158878,149,,,
1716455159847,53,,,,
1716455159868,,149,,
1716455159874,,,149,
1716455159878,149,,,
1716455160847,53,,,,
1716455160856,,149,,
1716455160874,,,149,
1716455160878,149,,,
1716455161847,53,,,,
1716455161856,,149,,
1716455161874,,,149,
1716455161878,149,,,
1716455162847,53,,,,
1716455162856,,149,,
1716455162874,,,149,
1716455162878,149,,,
1716455163847,53,,,,
1716455163856,,149,,
1716455163874,,,149,
1716455163878,149,,,
1716455164847,53,,,,
1716455164856,,149,,
1716455164874,,,149,
1716455164879,149,,,
1716455165847,53,,,,
1716455165856,,149,,
1716455165874,,,149,
1716455165878,149,,,
1716455166847,53,,,,
1716455166856,,149,,
1716455166874,,,149,
1716455166878,149,,,
1716455167847,53,,,,
1716455167856,,149,,
1716455167874,,,149,
1716455167880,149,,,
1716455168847,53,,,,
1716455168856,,149,,
1716455168874,,,149,
1716455168878,149,,,
1716455169847,53,,,,
1716455169856,,149,,
1716455169874,,,149,
1716455169878,149,,,
1716455170847,53,,,,
1716455170856,,149,,
1716455170874,,,149,
1716455170878,149,,,
1716455171847,53,,,,
1716455171856,,149,,
1716455171874,,,149,
1716455171878,149,,,
1716455172847,53,,,,
1716455172856,,149,,
1716455172874,,,149,
1716455172879,149,,,
1716455173847,53,,,,
1716455173856,,149,,
1716455173874,,,149,
1716455173878,149,,,
1716455174847,53,,,,
1716455174856,,149,,
1716455174874,,,149,
1716455174878,149,,,
1716455175847,53,,,,
1716455175856,,149,,
1716455175874,,,149,
1716455175878,149,,,
1716455176847,53,,,,
1716455176856,,149,,
1716455176874,,,149,
1716455176878,149,,,
1716455177847,53,,,,
1716455177856,,149,,
1716455177874,,,149,
1716455177878,149,,,
1716455178847,53,,,,
1716455178856,,149,,
1716455178874,,,149,
1716455178878,149,,,
1716455179847,53,,,,
1716455179856,,149,,
1716455179874,,,149,
1716455179878,149,,,
1716455180847,53,,,,
1716455180856,,149,,
1716455180874,,,149,
1716455180878,149,,,
1716455181847,53,,,,
1716455181856,,149,,
1716455181874,,,149,
1716455181878,149,,,
1716455182847,53,,,,
1716455182856,,149,,
1716455182877,,,149,
1716455182878,149,,,
1716455183847,53,,,,
1716455183856,,149,,
1716455183874,,,149,
1716455183878,149,,,
1716455184847,53,,,,
1716455184856,,149,,
1716455184874,,,149,
1716455184878,149,,,
1716455185847,53,,,,
1716455185856,,149,,
1716455185874,,,149,
1716455185878,149,,,
1716455186847,53,,,,
1716455186856,,149,,
1716455186874,,,149,
1716455186878,149,,,
1716455187847,53,,,,
1716455187856,,149,,
1716455187874,,,149,
1716455187878,149,,,
1716455188847,53,,,,
1716455188856,,149,,
1716455188874,,,149,
1716455188880,149,,,
1716455189847,53,,,,
1716455189856,,149,,
1716455189874,,,149,
1716455189878,149,,,
1716455190847,53,,,,
1716455190856,,149,,
1716455190873,,,149,
1716455190878,149,,,
1716455191847,53,,,,
1716455191856,,149,,
1716455191873,,,149,
1716455191878,149,,,
1716455192847,53,,,,
1716455192856,,149,,
1716455192873,,,149,
1716455192878,149,,,
1716455193847,53,,,,
1716455193857,,149,,
1716455193873,,,149,
1716455193878,149,,,
1716455194847,53,,,,
1716455194856,,149,,
1716455194874,,,149,
1716455194878,149,,,
1716455195847,53,,,,
1716455195856,,149,,
1716455195873,,,149,
1716455195878,149,,,
1716455196847,53,,,,
1716455196856,,149,,
1716455196874,,,149,
1716455196878,149,,,
1716455197847,53,,,,
1716455197856,,149,,
1716455197874,,,149,
1716455197878,149,,,
1716455198847,53,,,,
1716455198856,,149,,
1716455198874,,,149,
1716455198878,149,,,
1716455199847,53,,,,
1716455199856,,149,,
1716455199874,,,149,
1716455199878,149,,,
1716455200847,53,,,,
1716455200856,,149,,
1716455200874,,,149,
1716455200878,149,,,
1716455202040,53,,,,
1716455202046,149,,,
1716455202157,,149,,
1716455202210,,,149,
1716455202847,53,,,,
1716455202856,,149,,
1716455202874,,,149,
1716455202878,149,,,
1716455203847,53,,,,
1716455203856,,149,,
1716455203874,,,149,
1716455203878,149,,,
1716455204847,53,,,,
1716455204856,,149,,
1716455204874,,,149,
1716455204878,149,,,
1716455205847,53,,,,
1716455205856,,149,,
1716455205874,,,149,
1716455205878,149,,,
1716455206847,53,,,,
1716455206856,,149,,
1716455206874,,,149,
1716455206878,149,,,
1716455207847,53,,,,
1716455207856,,149,,
1716455207874,,,149,
1716455207878,149,,,
1716455208847,53,,,,
1716455208856,,149,,
1716455208873,,,149,
1716455208878,149,,,
1716455209847,53,,,,
1716455209856,,149,,
1716455209873,,,149,
1716455209878,149,,,
1716455210847,53,,,,
1716455210856,,149,,
1716455210874,,,149,
1716455210878,149,,,
1716455211847,53,,,,
1716455211856,,149,,
1716455211873,,,149,
1716455211878,149,,,
1716455212847,53,,,,
1716455212856,,149,,
1716455212873,,,149,
1716455212878,149,,,
1716455213847,53,,,,
1716455213856,,149,,
1716455213873,,,149,
1716455213878,149,,,
1716455214847,53,,,,
1716455214856,,149,,
1716455214874,,,149,
1716455214878,149,,,
1716455215847,53,,,,
1716455215856,,149,,
1716455215874,,,149,
1716455215878,149,,,
1716455216847,53,,,,
1716455216856,,149,,
1716455216874,,,149,
1716455216878,149,,,
1716455217847,53,,,,
1716455217856,,149,,
1716455217873,,,149,
1716455217878,149,,,
1716455218847,53,,,,
1716455218856,,149,,
1716455218874,,,149,
1716455218878,149,,,
1716455219847,53,,,,
1716455219856,,149,,
1716455219874,,,149,
1716455219878,149,,,
1716455220847,53,,,,
1716455220856,,149,,
1716455220874,,,149,
1716455220878,149,,,
1716455221847,53,,,,
1716455221856,,149,,
1716455221874,,,149,
1716455221878,149,,,
1716455222847,53,,,,
1716455222856,,149,,
1716455222874,,,149,
1716455222878,149,,,
1716455223847,53,,,,
1716455223856,,149,,
1716455223874,,,149,
1716455223878,149,,,
1716455224847,53,,,,
1716455224856,,149,,
1716455224874,,,149,
1716455224878,149,,,
1716455225847,53,,,,
1716455225856,,149,,
1716455225874,,,149,
1716455225878,149,,,
1716455226847,53,,,,
1716455226855,,149,,
1716455226874,,,149,
1716455226878,149,,,
1716455227847,53,,,,
1716455227856,,149,,
1716455227874,,,149,
1716455227878,149,,,
1716455228847,53,,,,
1716455228856,,149,,
1716455228873,,,149,
1716455228878,149,,,
1716455229847,53,,,,
1716455229856,,149,,
1716455229874,,,149,
1716455229878,149,,,
1716455230848,53,,,,
1716455230856,,149,,
1716455230874,,,149,
1716455230878,149,,,
1716455231847,53,,,,
1716455231856,,149,,
1716455231874,,,149,
1716455231878,149,,,
1716455232847,53,,,,
1716455232855,,149,,
1716455232874,,,149,
1716455232878,149,,,
1716455233847,53,,,,
1716455233856,,149,,
1716455233873,,,149,
1716455233878,149,,,
1716455234847,53,,,,
1716455234856,,149,,
1716455234874,,,149,
1716455234878,149,,,
1716455235848,53,,,,
1716455235856,,149,,
1716455235874,,,149,
1716455235878,149,,,
1716455236847,53,,,,
1716455236855,,149,,
1716455236873,,,149,
1716455236878,149,,,
1716455237847,53,,,,
1716455237856,,149,,
1716455237874,,,149,
1716455237878,149,,,
1716455238847,53,,,,
1716455238856,,149,,
1716455238874,,,149,
1716455238878,149,,,
1716455239847,53,,,,
1716455239856,,149,,
1716455239873,,,149,
1716455239878,149,,,
1716455240847,53,,,,
1716455240856,,149,,
1716455240873,,,149,
1716455240878,149,,,
1716455241847,53,,,,
1716455241856,,149,,
1716455241874,,,149,
1716455241878,149,,,
1716455242847,53,,,,
1716455242856,,149,,
1716455242873,,,149,
1716455242878,149,,,
1716455243847,53,,,,
1716455243856,,149,,
1716455243874,,,149,
1716455243878,149,,,
1716455244847,53,,,,
1716455244856,,149,,
1716455244874,,,149,
1716455244878,149,,,
1716455245847,53,,,,
1716455245856,,149,,
1716455245873,,,149,
1716455245878,149,,,
1716455246847,53,,,,
1716455246856,,149,,
1716455246873,,,149,
1716455246878,149,,,
1716455247847,53,,,,
1716455247856,,149,,
1716455247873,,,149,
1716455247878,149,,,
1716455248847,53,,,,
1716455248855,,149,,
1716455248873,,,149,
1716455248878,149,,,
1716455249847,53,,,,
1716455249855,,149,,
1716455249873,,,149,
1716455249878,149,,,
1716455250847,53,,,,
1716455250856,,149,,
1716455250873,,,149,
1716455250878,149,,,
1716455251847,53,,,,
1716455251855,,149,,
1716455251873,,,149,
1716455251878,149,,,
1716455252847,53,,,,
1716455252856,,149,,
1716455252873,,,149,
1716455252878,149,,,
1716455253847,53,,,,
1716455253856,,149,,
1716455253874,,,149,
1716455253878,149,,,
1716455254847,53,,,,
1716455254856,,149,,
1716455254874,,,149,
1716455254878,149,,,
1716455255847,53,,,,
1716455255856,,149,,
1716455255873,,,149,
1716455255878,149,,,
1716455256847,53,,,,
1716455256856,,149,,
1716455256874,,,149,
1716455256878,149,,,
1716455257847,53,,,,
1716455257856,,149,,
1716455257874,,,149,
1716455257878,149,,,
1716455258847,53,,,,
1716455258856,,149,,
1716455258873,,,149,
1716455258878,149,,,
1716455259847,53,,,,
1716455259856,,149,,
1716455259874,,,149,
1716455259878,149,,,
1716455260847,53,,,,
1716455260856,,149,,
1716455260873,,,149,
1716455260878,149,,,
1716455261847,53,,,,
1716455261855,,149,,
1716455261873,,,149,
1716455261878,149,,,
1716455262847,53,,,,
1716455262856,,149,,
1716455262874,,,149,
1716455262878,149,,,
1716455263848,53,,,,
1716455263856,,149,,
1716455263873,,,149,
1716455263878,149,,,
1716455264847,53,,,,
1716455264856,,149,,
1716455264874,,,149,
1716455264878,149,,,
1716455265847,53,,,,
1716455265856,,149,,
1716455265874,,,149,
1716455265878,149,,,
1716455266847,53,,,,
1716455266856,,149,,
1716455266874,,,149,
1716455266878,149,,,
1716455267847,53,,,,
1716455267856,,149,,
1716455267874,,,149,
1716455267878,149,,,
1716455268847,53,,,,
1716455268856,,149,,
1716455268873,,,149,
1716455268878,149,,,
1716455269847,53,,,,
1716455269856,,149,,
1716455269873,,,149,
1716455269878,149,,,
1716455270847,53,,,,
1716455270856,,149,,
1716455270873,,,149,
1716455270878,149,,,
1716455271847,53,,,,
1716455271856,,149,,
1716455271874,,,149,
1716455271878,149,,,
1716455272847,53,,,,
1716455272856,,149,,
1716455272873,,,149,
1716455272878,149,,,
1716455273847,53,,,,
1716455273856,,149,,
1716455273873,,,149,
1716455273878,149,,,
1716455274847,53,,,,
1716455274856,,149,,
1716455274874,,,149,
1716455274878,149,,,
1716455275847,53,,,,
1716455275856,,149,,
1716455275874,,,149,
1716455275878,149,,,
1716455276847,53,,,,
1716455276856,,149,,
1716455276874,,,149,
1716455276878,149,,,
1716455277847,53,,,,
1716455277856,,149,,
1716455277873,,,149,
1716455277878,149,,,
1716455278847,53,,,,
1716455278856,,149,,
1716455278874,,,149,
1716455278878,149,,,
1716455279847,53,,,,
1716455279856,,149,,
1716455279873,,,149,
1716455279878,149,,,
1716455280847,53,,,,
1716455280856,,149,,
1716455280873,,,149,
1716455280878,149,,,
1716455281847,53,,,,
1716455281856,,149,,
1716455281873,,,149,
1716455281878,149,,,
1716455282847,53,,,,
1716455282856,,149,,
1716455282873,,,149,
1716455282878,149,,,
1716455283847,53,,,,
1716455283856,,149,,
1716455283874,,,149,
1716455283878,149,,,
1716455284847,53,,,,
1716455284856,,149,,
1716455284874,,,149,
1716455284878,149,,,
1716455285847,53,,,,
1716455285856,,149,,
1716455285874,,,149,
1716455285878,149,,,
1716455286847,53,,,,
1716455286856,,149,,
1716455286873,,,149,
1716455286878,149,,,
1716455287847,53,,,,
1716455287856,,149,,
1716455287873,,,149,
1716455287878,149,,,
1716455288847,53,,,,
1716455288856,,149,,
1716455288874,,,149,
1716455288878,149,,,
1716455289847,53,,,,
1716455289856,,149,,
1716455289874,,,149,
1716455289878,149,,,
1716455290847,53,,,,
1716455290856,,149,,
1716455290874,,,149,
1716455290878,149,,,
1716455291847,53,,,,
1716455291856,,149,,
1716455291874,,,149,
1716455291878,149,,,
1716455292847,53,,,,
1716455292856,,149,,
1716455292874,,,149,
1716455292878,149,,,
1716455293847,53,,,,
1716455293856,,149,,
1716455293874,,,149,
1716455293878,149,,,
1716455294847,53,,,,
1716455294856,,149,,
1716455294874,,,149,
1716455294878,149,,,
1716455295847,53,,,,
1716455295856,,149,,
1716455295873,,,149,
1716455295878,149,,,
1716455296848,53,,,,
1716455296856,,149,,
1716455296874,,,149,
1716455296878,149,,,
1716455297847,53,,,,
1716455297856,,149,,
1716455297874,,,149,
1716455297878,149,,,
1716455298847,53,,,,
1716455298856,,149,,
1716455298874,,,149,
1716455298878,149,,,
1716455299847,53,,,,
1716455299856,,149,,
1716455299874,,,149,
1716455299878,149,,,
1716455300847,53,,,,
1716455300856,,149,,
1716455300874,,,149,
1716455300878,149,,,
1716455301847,53,,,,
1716455301856,,149,,
1716455301874,,,149,
1716455301878,149,,,
1716455302847,53,,,,
1716455302856,,149,,
1716455302874,,,149,
1716455302878,149,,,
1716455303847,53,,,,
1716455303856,,149,,
1716455303874,,,149,
1716455303878,149,,,
1716455304847,53,,,,
1716455304856,,149,,
1716455304874,,,149,
1716455304878,149,,,
1716455305847,53,,,,
1716455305856,,149,,
1716455305873,,,149,
1716455305878,149,,,
1716455306847,53,,,,
1716455306856,,149,,
1716455306874,,,149,
1716455306878,149,,,
1716455307847,53,,,,
1716455307856,,149,,
1716455307873,,,149,
1716455307878,149,,,
1716455308847,53,,,,
1716455308856,,149,,
1716455308873,,,149,
1716455308878,149,,,
1716455309847,53,,,,
1716455309856,,149,,
1716455309874,,,149,
1716455309878,149,,,
1716455310847,53,,,,
1716455310856,,149,,
1716455310874,,,149,
1716455310878,149,,,
1716455311848,53,,,,
1716455311856,,149,,
1716455311874,,,149,
1716455311878,149,,,
1716455312847,53,,,,
1716455312856,,149,,
1716455312874,,,149,
1716455312878,149,,,
1716455313847,53,,,,
1716455313856,,149,,
1716455313873,,,149,
1716455313878,149,,,
1716455314847,53,,,,
1716455314856,,149,,
1716455314874,,,149,
1716455314878,149,,,
1716455315848,53,,,,
1716455315856,,149,,
1716455315874,,,149,
1716455315878,149,,,
1716455316847,53,,,,
1716455316856,,149,,
1716455316874,,,149,
1716455316878,149,,,
1716455317847,53,,,,
1716455317856,,149,,
1716455317873,,,149,
1716455317878,149,,,
1716455318847,53,,,,
1716455318856,,149,,
1716455318873,,,149,
1716455318878,149,,,
1716455319847,53,,,,
1716455319856,,149,,
1716455319873,,,149,
1716455319878,149,,,
1716455320847,53,,,,
1716455320856,,149,,
1716455320873,,,149,
1716455320878,149,,,
1716455321847,53,,,,
1716455321856,,149,,
1716455321873,,,149,
1716455321878,149,,,
1716455322847,53,,,,
1716455322855,,149,,
1716455322874,,,149,
1716455322878,149,,,
1716455323847,53,,,,
1716455323856,,149,,
1716455323873,,,149,
1716455323878,149,,,
1716455324847,53,,,,
1716455324855,,149,,
1716455324874,,,149,
1716455324878,149,,,
1716455325847,53,,,,
1716455325855,,149,,
1716455325874,,,149,
1716455325878,149,,,
1716455326847,53,,,,
1716455326856,,149,,
1716455326873,,,149,
1716455326878,149,,,
1716455327847,53,,,,
1716455327856,,149,,
1716455327873,,,149,
1716455327878,149,,,
1716455328847,53,,,,
1716455328856,,149,,
1716455328873,,,149,
1716455328878,149,,,
1716455329847,53,,,,
1716455329855,,149,,
1716455329874,,,149,
1716455329878,149,,,
1716455330847,53,,,,
1716455330856,,149,,
1716455330873,,,149,
1716455330878,149,,,
1716455331847,53,,,,
1716455331855,,149,,
1716455331874,,,149,
1716455331878,149,,,
1716455332847,53,,,,
1716455332855,,149,,
1716455332873,,,149,
1716455332878,149,,,
1716455333847,53,,,,
1716455333855,,149,,
1716455333874,,,149,
1716455333878,149,,,
1716455334847,53,,,,
1716455334856,,149,,
1716455334873,,,149,
1716455334878,149,,,
1716455335847,53,,,,
1716455335855,,149,,
1716455335873,,,149,
1716455335878,149,,,
1716455336847,53,,,,
1716455336855,,149,,
1716455336873,,,149,
1716455336878,149,,,
1716455337847,53,,,,
1716455337855,,149,,
1716455337878,149,,,
1716455337882,,,149,
1716455338847,53,,,,
1716455338855,,149,,
1716455338874,,,149,
1716455338878,149,,,
1716455339847,53,,,,
1716455339855,,149,,
1716455339873,,,149,
1716455339878,149,,,
1716455340847,53,,,,
1716455340856,,149,,
1716455340873,,,149,
1716455340878,149,,,
1716455341847,53,,,,
1716455341856,,149,,
1716455341874,,,149,
1716455341878,149,,,
1716455342847,53,,,,
1716455342856,,149,,
1716455342873,,,149,
1716455342878,149,,,
1716455343847,53,,,,
1716455343856,,149,,
1716455343874,,,149,
1716455343878,149,,,
1716455344847,53,,,,
1716455344856,,149,,
1716455344873,,,149,
1716455344878,149,,,
1716455345847,53,,,,
1716455345856,,149,,
1716455345874,,,149,
1716455345878,149,,,
1716455346847,53,,,,
1716455346856,,149,,
1716455346873,,,149,
1716455346878,149,,,
1716455347847,53,,,,
1716455347855,,149,,
1716455347874,,,149,
1716455347878,149,,,
1716455348847,53,,,,
1716455348856,,149,,
1716455348873,,,149,
1716455348878,149,,,
1716455349847,53,,,,
1716455349856,,149,,
1716455349874,,,149,
1716455349878,149,,,
1716455350847,53,,,,
1716455350855,,149,,
1716455350874,,,149,
1716455350878,149,,,
1716455351847,53,,,,
1716455351856,,149,,
1716455351873,,,149,
1716455351878,149,,,
1716455352847,53,,,,
1716455352856,,149,,
1716455352874,,,149,
1716455352878,149,,,
1716455353847,53,,,,
1716455353856,,149,,
1716455353873,,,149,
1716455353878,149,,,
1716455354847,53,,,,
1716455354856,,149,,
1716455354873,,,149,
1716455354878,149,,,
1716455355847,53,,,,
1716455355856,,149,,
1716455355873,,,149,
1716455355878,149,,,
1716455356847,53,,,,
1716455356856,,149,,
1716455356873,,,149,
1716455356878,149,,,
1716455357847,53,,,,
1716455357856,,149,,
1716455357873,,,149,
1716455357878,149,,,
1716455358847,53,,,,
1716455358856,,149,,
1716455358874,,,149,
1716455358878,149,,,
1716455359847,53,,,,
1716455359856,,149,,
1716455359873,,,149,
1716455359878,149,,,
1716455360847,53,,,,
1716455360856,,149,,
1716455360873,,,149,
1716455360878,149,,,
1716455361847,53,,,,
1716455361856,,149,,
1716455361874,,,149,
1716455361878,149,,,
1716455362847,53,,,,
1716455362856,,149,,
1716455362873,,,149,
1716455362878,149,,,
1716455363847,53,,,,
1716455363855,,149,,
1716455363874,,,149,
1716455363878,149,,,
1716455364847,53,,,,
1716455364856,,149,,
1716455364874,,,149,
1716455364878,149,,,
1716455365847,53,,,,
1716455365856,,149,,
1716455365873,,,149,
1716455365878,149,,,
1716455366847,53,,,,
1716455366856,,149,,
1716455366874,,,149,
1716455366878,149,,,
1716455367847,53,,,,
1716455367856,,149,,
1716455367873,,,149,
1716455367878,149,,,
1716455368847,53,,,,
1716455368856,,149,,
1716455368873,,,149,
1716455368878,149,,,
1716455369847,53,,,,
1716455369856,,149,,
1716455369874,,,149,
1716455369878,149,,,
1716455370847,53,,,,
1716455370856,,149,,
1716455370874,,,149,
1716455370878,149,,,
1716455371847,53,,,,
1716455371856,,149,,
1716455371873,,,149,
1716455371878,149,,,
1716455372847,53,,,,
1716455372856,,149,,
1716455372874,,,149,
1716455372878,149,,,
1716455373847,53,,,,
1716455373855,,149,,
1716455373873,,,149,
1716455373878,149,,,
1716455374847,53,,,,
1716455374856,,149,,
1716455374873,,,149,
1716455374878,149,,,
1716455375847,53,,,,
1716455375856,,149,,
1716455375873,,,149,
1716455375878,149,,,
1716455376847,53,,,,
1716455376856,,149,,
1716455376874,,,149,
1716455376878,149,,,
1716455377847,53,,,,
1716455377855,,149,,
1716455377873,,,149,
1716455377878,149,,,
1716455378847,53,,,,
1716455378856,,149,,
1716455378873,,,149,
1716455378878,149,,,
1716455379847,53,,,,
1716455379856,,149,,
1716455379874,,,149,
1716455379878,149,,,
1716455380847,53,,,,
1716455380855,,149,,
1716455380873,,,149,
1716455380878,149,,,
1716455381847,53,,,,
1716455381855,,149,,
1716455381873,,,149,
1716455381878,149,,,
1716455382847,53,,,,
1716455382856,,149,,
1716455382874,,,149,
1716455382878,149,,,
1716455383847,53,,,,
1716455383855,,149,,
1716455383873,,,149,
1716455383878,149,,,
1716455384847,53,,,,
1716455384856,,149,,
1716455384873,,,149,
1716455384878,149,,,
1716455385847,53,,,,
1716455385856,,149,,
1716455385874,,,149,
1716455385878,149,,,
1716455386847,53,,,,
1716455386856,,149,,
1716455386874,,,149,
1716455386879,149,,,
1716455387847,53,,,,
1716455387856,,149,,
1716455387874,,,149,
1716455387878,149,,,
1716455388847,53,,,,
1716455388856,,149,,
1716455388874,,,149,
1716455388878,149,,,
1716455389847,53,,,,
1716455389856,,149,,
1716455389874,,,149,
1716455389878,149,,,
1716455390847,53,,,,
1716455390856,,149,,
1716455390874,,,149,
1716455390878,149,,,
1716455391847,53,,,,
1716455391855,,149,,
1716455391874,,,149,
1716455391878,149,,,
1716455392847,53,,,,
1716455392856,,149,,
1716455392874,,,149,
1716455392878,149,,,
1716455393847,53,,,,
1716455393855,,149,,
1716455393873,,,149,
1716455393878,149,,,
1716455394847,53,,,,
1716455394856,,149,,
1716455394874,,,149,
1716455394879,149,,,
1716455395847,53,,,,
1716455395855,,149,,
1716455395874,,,149,
1716455395878,149,,,
1716455396847,53,,,,
1716455396855,,149,,
1716455396874,,,149,
1716455396878,149,,,
1716455397847,53,,,,
1716455397856,,149,,
1716455397874,,,149,
1716455397878,149,,,
1716455398847,53,,,,
1716455398856,,149,,
1716455398874,,,149,
1716455398878,149,,,
1716455399847,53,,,,
1716455399856,,149,,
1716455399873,,,149,
1716455399878,149,,,
1716455400847,53,,,,
1716455400856,,149,,
1716455400873,,,149,
1716455400878,149,,,
1716455401847,53,,,,
1716455401856,,149,,
1716455401873,,,149,
1716455401878,149,,,
1716455402847,53,,,,
1716455402855,,149,,
1716455402873,,,149,
1716455402878,149,,,
1716455403847,53,,,,
1716455403856,,149,,
1716455403873,,,149,
1716455403878,149,,,
1716455404847,53,,,,
1716455404856,,149,,
1716455404873,,,149,
1716455404878,149,,,
1716455405847,53,,,,
1716455405855,,149,,
1716455405874,,,149,
1716455405878,149,,,
1716455406847,53,,,,
1716455406855,,149,,
1716455406873,,,149,
1716455406878,149,,,
1716455407847,53,,,,
1716455407856,,149,,
1716455407874,,,149,
1716455407878,149,,,
1716455408847,53,,,,
1716455408855,,149,,
1716455408873,,,149,
1716455408878,149,,,
1716455409847,53,,,,
1716455409856,,149,,
1716455409874,,,149,
1716455409879,149,,,
1716455410847,53,,,,
1716455410856,,149,,
1716455410873,,,149,
1716455410878,149,,,
1716455411847,53,,,,
1716455411856,,149,,
1716455411873,,,149,
1716455411878,149,,,
1716455412847,53,,,,
1716455412856,,149,,
1716455412874,,,149,
1716455412878,149,,,
1716455413847,53,,,,
1716455413856,,149,,
1716455413873,,,149,
1716455413878,149,,,
1716455414847,53,,,,
1716455414856,,149,,
1716455414873,,,149,
1716455414878,149,,,
1716455415847,53,,,,
1716455415856,,149,,
1716455415873,,,149,
1716455415878,149,,,
1716455416847,53,,,,
1716455416856,,149,,
1716455416873,,,149,
1716455416878,149,,,
1716455417847,53,,,,
1716455417856,,149,,
1716455417874,,,149,
1716455417878,149,,,
1716455418847,53,,,,
1716455418856,,149,,
1716455418874,,,149,
1716455418878,149,,,
1716455419847,53,,,,
1716455419856,,149,,
1716455419873,,,149,
1716455419878,149,,,
1716455420847,53,,,,
1716455420856,,149,,
1716455420873,,,149,
1716455420878,149,,,
1716455421847,53,,,,
1716455421856,,149,,
1716455421873,,,149,
1716455421878,149,,,
1716455422847,53,,,,
1716455422856,,149,,
1716455422873,,,149,
1716455422878,149,,,
1716455423847,53,,,,
1716455423856,,149,,
1716455423873,,,149,
1716455423878,149,,,
1716455424847,53,,,,
1716455424856,,149,,
1716455424873,,,149,
1716455424878,149,,,
1716455425847,53,,,,
1716455425855,,149,,
1716455425873,,,149,
1716455425878,149,,,
1716455426847,53,,,,
1716455426856,,149,,
1716455426874,,,149,
1716455426878,149,,,
1716455427847,53,,,,
1716455427855,,149,,
1716455427873,,,149,
1716455427878,149,,,
1716455428847,53,,,,
1716455428855,,149,,
1716455428873,,,149,
1716455428878,149,,,
1716455429847,53,,,,
1716455429856,,149,,
1716455429873,,,149,
1716455429878,149,,,
1716455430847,53,,,,
1716455430855,,149,,
1716455430873,,,149,
1716455430878,149,,,
1716455431847,53,,,,
1716455431856,,149,,
1716455431873,,,149,
1716455431878,149,,,
1716455432847,53,,,,
1716455432856,,149,,
1716455432874,,,149,
1716455432878,149,,,
1716455433847,53,,,,
1716455433856,,149,,
1716455433874,,,149,
1716455433878,149,,,
1716455434847,53,,,,
1716455434856,,149,,
1716455434873,,,149,
1716455434878,149,,,
1716455435847,53,,,,
1716455435856,,149,,
1716455435874,,,149,
1716455435878,149,,,
1716455436847,53,,,,
1716455436855,,149,,
1716455436873,,,149,
1716455436878,149,,,
1716455437847,53,,,,
1716455437856,,149,,
1716455437874,,,149,
1716455437878,149,,,
1716455438847,53,,,,
1716455438856,,149,,
1716455438874,,,149,
1716455438879,149,,,
1716455439847,53,,,,
1716455439856,,149,,
1716455439874,,,149,
1716455439878,149,,,
1716455440847,53,,,,
1716455440856,,149,,
1716455440873,,,149,
1716455440878,149,,,
1716455441847,53,,,,
1716455441856,,149,,
1716455441874,,,149,
1716455441878,149,,,
1716455442847,53,,,,
1716455442856,,149,,
1716455442873,,,149,
1716455442878,149,,,
1716455443847,53,,,,
1716455443856,,149,,
1716455443874,,,149,
1716455443878,149,,,
1716455444847,53,,,,
1716455444856,,149,,
1716455444873,,,149,
1716455444878,149,,,
1716455445847,53,,,,
1716455445856,,149,,
1716455445873,,,149,
1716455445878,149,,,
1716455446847,53,,,,
1716455446855,,149,,
1716455446873,,,149,
1716455446878,149,,,
1716455447847,53,,,,
1716455447856,,149,,
1716455447873,,,149,
1716455447878,149,,,
1716455448847,53,,,,
1716455448856,,149,,
1716455448874,,,149,
1716455448878,149,,,
1716455449847,53,,,,
1716455449856,,149,,
1716455449874,,,149,
1716455449878,149,,,
1716455450847,53,,,,
1716455450856,,149,,
1716455450873,,,149,
1716455450878,149,,,
1716455451847,53,,,,
1716455451855,,149,,
1716455451874,,,149,
1716455451880,149,,,
1716455452847,53,,,,
1716455452855,,149,,
1716455452873,,,149,
1716455452878,149,,,
1716455453847,53,,,,
1716455453856,,149,,
1716455453873,,,149,
1716455453878,149,,,
1716455454847,53,,,,
1716455454855,,149,,
1716455454873,,,149,
1716455454878,149,,,
1716455455847,53,,,,
1716455455856,,149,,
1716455455873,,,149,
1716455455878,149,,,
1716455456847,53,,,,
1716455456856,,149,,
1716455456873,,,149,
1716455456878,149,,,
1716455457847,53,,,,
1716455457856,,149,,
1716455457873,,,149,
1716455457878,149,,,
1716455458847,53,,,,
1716455458855,,149,,
1716455458873,,,149,
1716455458878,149,,,
1716455459847,53,,,,
1716455459856,,149,,
1716455459873,,,149,
1716455459878,149,,,
1716455460847,53,,,,
1716455460855,,149,,
1716455460874,,,149,
1716455460878,149,,,
1716455461847,53,,,,
1716455461856,,149,,
1716455461874,,,149,
1716455461878,149,,,
1716455462847,53,,,,
1716455462856,,149,,
1716455462874,,,149,
1716455462878,149,,,
1716455463847,53,,,,
1716455463856,,149,,
1716455463874,,,149,
1716455463878,149,,,
1716455464847,53,,,,
1716455464856,,149,,
1716455464873,,,149,
1716455464878,149,,,
1716455465847,53,,,,
1716455465856,,149,,
1716455465873,,,149,
1716455465878,149,,,
1716455466847,53,,,,
1716455466856,,149,,
1716455466874,,,149,
1716455466880,149,,,
1716455467847,53,,,,
1716455467856,,149,,
1716455467873,,,149,
1716455467878,149,,,
1716455468847,53,,,,
1716455468856,,149,,
1716455468874,,,149,
1716455468878,149,,,
1716455469847,53,,,,
1716455469855,,149,,
1716455469874,,,149,
1716455469878,149,,,
1716455470847,53,,,,
1716455470855,,149,,
1716455470873,,,149,
1716455470878,149,,,
1716455471847,53,,,,
1716455471856,,149,,
1716455471874,,,149,
1716455471878,149,,,
1716455472847,53,,,,
1716455472856,,149,,
1716455472874,,,149,
1716455472878,149,,,
1716455473847,53,,,,
1716455473856,,149,,
1716455473874,,,149,
1716455473878,149,,,
1716455474847,53,,,,
1716455474855,,149,,
1716455474873,,,149,
1716455474878,149,,,
1716455475847,53,,,,
1716455475856,,149,,
1716455475873,,,149,
1716455475878,149,,,
1716455476847,53,,,,
1716455476855,,149,,
1716455476873,,,149,
1716455476878,149,,,
1716455477847,53,,,,
1716455477856,,149,,
1716455477873,,,149,
1716455477878,149,,,
1716455478847,53,,,,
1716455478855,,149,,
1716455478873,,,149,
1716455478878,149,,,
1716455479847,53,,,,
1716455479856,,149,,
1716455479873,,,149,
1716455479878,149,,,
1716455480847,53,,,,
1716455480855,,149,,
1716455480873,,,149,
1716455480878,149,,,
1716455481847,53,,,,
1716455481855,,149,,
1716455481874,,,149,
1716455481878,149,,,
1716455482848,53,,,,
1716455482856,,149,,
1716455482873,,,149,
1716455482878,149,,,
1716455483847,53,,,,
1716455483855,,149,,
1716455483873,,,149,
1716455483878,149,,,
1716455484847,53,,,,
1716455484856,,149,,
1716455484873,,,149,
1716455484878,149,,,
1716455485847,53,,,,
1716455485856,,149,,
1716455485873,,,149,
1716455485878,149,,,
1716455486847,53,,,,
1716455486855,,149,,
1716455486873,,,149,
1716455486878,149,,,
1716455487847,53,,,,
1716455487856,,149,,
1716455487874,,,149,
1716455487878,149,,,
1716455488847,53,,,,
1716455488856,,149,,
1716455488873,,,149,
1716455488878,149,,,
1716455489620,0,0,,
1716455489624,,,0,
1716455489626,0,